return {["StartTime"] = 1759538973.8984423, ["Frames"] = {{["PlayerAnims"] = {{["Id"] = "rbxassetid://7815618175", ["Name"] = "Animation", ["Time"] = 0.05833208}, {["Id"] = "rbxassetid://7807831448", ["Name"] = "WalkAnim", ["Time"] = 0.13395876}}, ["DummyCFrame"] = CFrame.new(172.50263977, 440.75671387, 24.82069206, 0.96786183, 0, -0.25148255, 0, 1, 0, 0.25148255, 0, 0.96786183), ["Time"] = 0.021981, ["DummyAnims"] = {}, ["PlayerCFrame"] = CFrame.new(164.2991333, 440.75439453, 22.91198349, -0.58133864, 4e-08, -0.81366175, -6e-08, 1, 9e-08, 0.81366175, 1e-07, -0.58133864)}, {["PlayerAnims"] = {{["Id"] = "rbxassetid://7815618175", ["Name"] = "Animation", ["Time"] = 0.06249874}, {["Id"] = "rbxassetid://7807831448", ["Name"] = "WalkAnim", ["Time"] = 0.14081948}}, ["DummyCFrame"] = CFrame.new(172.50263977, 440.75671387, 24.82069206, 0.96786183, 0, -0.25148255, 0, 1, 0, 0.25148255, 0, 0.96786183), ["Time"] = 0.02675033, ["DummyAnims"] = {}, ["PlayerCFrame"] = CFrame.new(164.38389587, 440.75439453, 22.9725399, -0.58133864, 4e-08, -0.81366175, -7e-08, 1, 1e-07, 0.81366175, 1.1e-07, -0.58133864)}, {["PlayerAnims"] = {{["Id"] = "rbxassetid://7815618175", ["Name"] = "Animation", ["Time"] = 0.06666541}, {["Id"] = "rbxassetid://7807831448", ["Name"] = "WalkAnim", ["Time"] = 0.14768019}}, ["DummyCFrame"] = CFrame.new(172.50263977, 440.75671387, 24.82069206, 0.96786183, 0, -0.25148255, 0, 1, 0, 0.25148255, 0, 0.96786183), ["Time"] = 0.03217983, ["DummyAnims"] = {}, ["PlayerCFrame"] = CFrame.new(164.46865845, 440.75439453, 23.03309631, -0.58133864, 4e-08, -0.81366175, -6e-08, 1, 9e-08, 0.81366175, 1e-07, -0.58133864)}, {["PlayerAnims"] = {{["Id"] = "rbxassetid://7815618175", ["Name"] = "Animation", ["Time"] = 0.07083208}, {["Id"] = "rbxassetid://7807831448", ["Name"] = "WalkAnim", ["Time"] = 0.15454091}}, ["DummyCFrame"] = CFrame.new(172.50263977, 440.75671387, 24.82069206, 0.96786183, 0, -0.25148255, 0, 1, 0, 0.25148255, 0, 0.96786183), ["Time"] = 0.0367372, ["DummyAnims"] = {}, ["PlayerCFrame"] = CFrame.new(164.55342102, 440.75439453, 23.09365273, -0.58133864, 3e-08, -0.81366175, -6e-08, 1, 8e-08, 0.81366175, 9e-08, -0.58133864)}, {["PlayerAnims"] = {{["Id"] = "rbxassetid://7815618175", ["Name"] = "Animation", ["Time"] = 0.07916541}, {["Id"] = "rbxassetid://7807831448", ["Name"] = "WalkAnim", ["Time"] = 0.16826235}}, ["DummyCFrame"] = CFrame.new(172.50263977, 440.75671387, 24.82069206, 0.96786183, 0, -0.25148255, 0, 1, 0, 0.25148255, 0, 0.96786183), ["Time"] = 0.04285669, ["DummyAnims"] = {}, ["PlayerCFrame"] = CFrame.new(164.72294617, 440.75439453, 23.21476555, -0.58133864, 3e-08, -0.81366175, -4e-08, 1, 6e-08, 0.81366175, 7e-08, -0.58133864)}, {["PlayerAnims"] = {{["Id"] = "rbxassetid://7815618175", ["Name"] = "Animation", ["Time"] = 0.08333208}, {["Id"] = "rbxassetid://7807831448", ["Name"] = "WalkAnim", ["Time"] = 0.17512307}}, ["DummyCFrame"] = CFrame.new(172.50263977, 440.75671387, 24.82069206, 0.96786183, 0, -0.25148255, 0, 1, 0, 0.25148255, 0, 0.96786183), ["Time"] = 0.0488112, ["DummyAnims"] = {}, ["PlayerCFrame"] = CFrame.new(164.80770874, 440.75439453, 23.27532196, -0.58133864, 2e-08, -0.81366175, -4e-08, 1, 6e-08, 0.81366175, 6e-08, -0.58133864)}, {["PlayerAnims"] = {{["Id"] = "rbxassetid://7815618175", ["Name"] = "Animation", ["Time"] = 0.09166542}, {["Id"] = "rbxassetid://7807831448", ["Name"] = "WalkAnim", ["Time"] = 0.1888445}}, ["DummyCFrame"] = CFrame.new(172.50263977, 440.75671387, 24.82069206, 0.96786183, 0, -0.25148255, 0, 1, 0, 0.25148255, 0, 0.96786183), ["Time"] = 0.05414391, ["DummyAnims"] = {}, ["PlayerCFrame"] = CFrame.new(164.97723389, 440.75439453, 23.39643478, -0.58133864, 2e-08, -0.81366175, -3e-08, 1, 4e-08, 0.81366175, 5e-08, -0.58133864)}, {["PlayerAnims"] = {{["Id"] = "rbxassetid://7815618175", ["Name"] = "Animation", ["Time"] = 0.09583209}, {["Id"] = "rbxassetid://7807831448", ["Name"] = "WalkAnim", ["Time"] = 0.19570522}}, ["DummyCFrame"] = CFrame.new(172.50263977, 440.75671387, 24.82069206, 0.96786183, 0, -0.25148255, 0, 1, 0, 0.25148255, 0, 0.96786183), ["Time"] = 0.06012702, ["DummyAnims"] = {}, ["PlayerCFrame"] = CFrame.new(165.06199646, 440.75439453, 23.4569912, -0.58133864, 1e-08, -0.81366175, -2e-08, 1, 3e-08, 0.81366175, 4e-08, -0.58133864)}, {["PlayerAnims"] = {{["Id"] = "rbxassetid://7815618175", ["Name"] = "Animation", ["Time"] = 0.10416542}, {["Id"] = "rbxassetid://7807831448", ["Name"] = "WalkAnim", ["Time"] = 0.20942666}}, ["DummyCFrame"] = CFrame.new(172.50263977, 440.75671387, 24.82069206, 0.96786183, 0, -0.25148255, 0, 1, 0, 0.25148255, 0, 0.96786183), ["Time"] = 0.06636357, ["DummyAnims"] = {}, ["PlayerCFrame"] = CFrame.new(165.23152161, 440.75439453, 23.57810402, -0.58133864, 1e-08, -0.81366175, -1e-08, 1, 2e-08, 0.81366175, 2e-08, -0.58133864)}, {["PlayerAnims"] = {{["Id"] = "rbxassetid://7815618175", ["Name"] = "Animation", ["Time"] = 0.10833209}, {["Id"] = "rbxassetid://7807831448", ["Name"] = "WalkAnim", ["Time"] = 0.21628737}}, ["DummyCFrame"] = CFrame.new(172.50263977, 440.75671387, 24.82069206, 0.96786183, 0, -0.25148255, 0, 1, 0, 0.25148255, 0, 0.96786183), ["Time"] = 0.07193637, ["DummyAnims"] = {}, ["PlayerCFrame"] = CFrame.new(165.31628418, 440.75439453, 23.63866043, -0.58133864, 0.0, -0.81366175, -0.0, 1, 1e-08, 0.81366175, 1e-08, -0.58133864)}, {["PlayerAnims"] = {{["Id"] = "rbxassetid://7815618175", ["Name"] = "Animation", ["Time"] = 0.11666542}, {["Id"] = "rbxassetid://7807831448", ["Name"] = "WalkAnim", ["Time"] = 0.23000881}}, ["DummyCFrame"] = CFrame.new(172.50263977, 440.75671387, 24.82069206, 0.96786183, 0, -0.25148255, 0, 1, 0, 0.25148255, 0, 0.96786183), ["Time"] = 0.07745528, ["DummyAnims"] = {}, ["PlayerCFrame"] = CFrame.new(165.48580933, 440.75439453, 23.75977325, -0.57846648, -0.0, -0.81570613, 1e-08, 1, -1e-08, 0.81570613, -1e-08, -0.57846648)}, {["PlayerAnims"] = {{["Id"] = "rbxassetid://7815618175", ["Name"] = "Animation", ["Time"] = 0.12083209}, {["Id"] = "rbxassetid://7807831448", ["Name"] = "WalkAnim", ["Time"] = 0.23686953}}, ["DummyCFrame"] = CFrame.new(172.50263977, 440.75671387, 24.82069206, 0.96786183, 0, -0.25148255, 0, 1, 0, 0.25148255, 0, 0.96786183), ["Time"] = 0.08223724, ["DummyAnims"] = {}, ["PlayerCFrame"] = CFrame.new(165.57069397, 440.75439453, 23.82014275, -0.5770278, -1e-08, -0.81672448, 1e-08, 1, -2e-08, 0.81672448, -2e-08, -0.5770278)}, {["PlayerAnims"] = {{["Id"] = "rbxassetid://7815618175", ["Name"] = "Animation", ["Time"] = 0.12499876}, {["Id"] = "rbxassetid://7807831448", ["Name"] = "WalkAnim", ["Time"] = 0.24373025}}, ["DummyCFrame"] = CFrame.new(172.50263977, 440.75671387, 24.82069206, 0.96786183, 0, -0.25148255, 0, 1, 0, 0.25148255, 0, 0.96786183), ["Time"] = 0.08791995, ["DummyAnims"] = {}, ["PlayerCFrame"] = CFrame.new(165.65570068, 440.75439453, 23.88034821, -0.5727008, -1e-08, -0.81976444, 2e-08, 1, -2e-08, 0.81976444, -3e-08, -0.5727008)}, {["PlayerAnims"] = {{["Id"] = "rbxassetid://7815618175", ["Name"] = "Animation", ["Time"] = 0.12916543}, {["Id"] = "rbxassetid://7807831448", ["Name"] = "WalkAnim", ["Time"] = 0.25059098}}, ["DummyCFrame"] = CFrame.new(172.50263977, 440.75671387, 24.82069206, 0.96786183, 0, -0.25148255, 0, 1, 0, 0.25148255, 0, 0.96786183), ["Time"] = 0.09268641, ["DummyAnims"] = {}, ["PlayerCFrame"] = CFrame.new(165.74095154, 440.75439453, 23.94021034, -0.56618017, -1e-08, -0.82428151, 2e-08, 1, -3e-08, 0.82428151, -4e-08, -0.56618017)}, {["PlayerAnims"] = {{["Id"] = "rbxassetid://7815618175", ["Name"] = "Animation", ["Time"] = 0.13333209}, {["Id"] = "rbxassetid://7807831448", ["Name"] = "WalkAnim", ["Time"] = 0.25745171}}, ["DummyCFrame"] = CFrame.new(172.50263977, 440.75671387, 24.82069206, 0.96786183, 0, -0.25148255, 0, 1, 0, 0.25148255, 0, 0.96786183), ["Time"] = 0.09819698, ["DummyAnims"] = {}, ["PlayerCFrame"] = CFrame.new(165.82658386, 440.75439453, 23.99951935, -0.55009121, -2e-08, -0.83510458, 3e-08, 1, -4e-08, 0.83510458, -5e-08, -0.55009121)}, {["PlayerAnims"] = {{["Id"] = "rbxassetid://7815618175", ["Name"] = "Animation", ["Time"] = 0.14166543}, {["Id"] = "rbxassetid://7807831448", ["Name"] = "WalkAnim", ["Time"] = 0.27117315}}, ["DummyCFrame"] = CFrame.new(172.50263977, 440.75671387, 24.82069206, 0.96786183, 0, -0.25148255, 0, 1, 0, 0.25148255, 0, 0.96786183), ["Time"] = 0.10327506, ["DummyAnims"] = {}, ["PlayerCFrame"] = CFrame.new(165.99986267, 440.75439453, 24.11515617, -0.54418927, -2e-08, -0.8389625, 4e-08, 1, -6e-08, 0.8389625, -7e-08, -0.54418927)}, {["PlayerAnims"] = {{["Id"] = "rbxassetid://7815618175", ["Name"] = "Animation", ["Time"] = 0.14583209}, {["Id"] = "rbxassetid://7807831448", ["Name"] = "WalkAnim", ["Time"] = 0.27803388}}, ["DummyCFrame"] = CFrame.new(172.50263977, 440.75671387, 24.82069206, 0.96786183, 0, -0.25148255, 0, 1, 0, 0.25148255, 0, 0.96786183), ["Time"] = 0.10969257, ["DummyAnims"] = {}, ["PlayerCFrame"] = CFrame.new(166.08703613, 440.75439453, 24.17217827, -0.5059399, -3e-08, -0.86256874, 5e-08, 1, -6e-08, 0.86256874, -7e-08, -0.5059399)}, {["PlayerAnims"] = {{["Id"] = "rbxassetid://7815618175", ["Name"] = "Animation", ["Time"] = 0.15416543}, {["Id"] = "rbxassetid://7807831448", ["Name"] = "WalkAnim", ["Time"] = 0.29175532}}, ["DummyCFrame"] = CFrame.new(172.50263977, 440.75671387, 24.82069206, 0.96786183, 0, -0.25148255, 0, 1, 0, 0.25148255, 0, 0.96786183), ["Time"] = 0.11600828, ["DummyAnims"] = {}, ["PlayerCFrame"] = CFrame.new(166.2653656, 440.75439453, 24.27981186, -0.47599652, -4e-08, -0.87944716, 6e-08, 1, -8e-08, 0.87944716, -9e-08, -0.47599652)}, {["PlayerAnims"] = {{["Id"] = "rbxassetid://7815618175", ["Name"] = "Animation", ["Time"] = 0.15833209}, {["Id"] = "rbxassetid://7807831448", ["Name"] = "WalkAnim", ["Time"] = 0.29861605}}, ["DummyCFrame"] = CFrame.new(172.50263977, 440.75671387, 24.82069206, 0.96786183, 0, -0.25148255, 0, 1, 0, 0.25148255, 0, 0.96786183), ["Time"] = 0.1205802, ["DummyAnims"] = {}, ["PlayerCFrame"] = CFrame.new(166.35617065, 440.75439453, 24.33079147, -0.45336449, -4e-08, -0.89132524, 7e-08, 1, -9e-08, 0.89132524, -1e-07, -0.45336449)}, {["PlayerAnims"] = {{["Id"] = "rbxassetid://7815618175", ["Name"] = "Animation", ["Time"] = 0.16249876}, {["Id"] = "rbxassetid://7807831448", ["Name"] = "WalkAnim", ["Time"] = 0.30547678}}, ["DummyCFrame"] = CFrame.new(172.50263977, 440.75671387, 24.82069206, 0.96786183, 0, -0.25148255, 0, 1, 0, 0.25148255, 0, 0.96786183), ["Time"] = 0.12572432, ["DummyAnims"] = {}, ["PlayerCFrame"] = CFrame.new(166.44825745, 440.75100708, 24.37942505, -0.41445896, -5e-08, -0.91006804, 6e-08, 1, -8e-08, 0.91006804, -9e-08, -0.41445896)}, {["PlayerAnims"] = {{["Id"] = "rbxassetid://7815618175", ["Name"] = "Animation", ["Time"] = 0.16666542}, {["Id"] = "rbxassetid://7807831448", ["Name"] = "WalkAnim", ["Time"] = 0.31233752}}, ["DummyCFrame"] = CFrame.new(172.50263977, 440.75671387, 24.82069206, 0.96786183, 0, -0.25148255, 0, 1, 0, 0.25148255, 0, 0.96786183), ["Time"] = 0.1306262, ["DummyAnims"] = {}, ["PlayerCFrame"] = CFrame.new(166.54203796, 440.74926758, 24.42464638, -0.38781714, -4e-08, -0.9217363, 6e-08, 1, -7e-08, 0.9217363, -8e-08, -0.38781714)}, {["PlayerAnims"] = {{["Id"] = "rbxassetid://7815618175", ["Name"] = "Animation", ["Time"] = 0.17083208}, {["Id"] = "rbxassetid://7807831448", ["Name"] = "WalkAnim", ["Time"] = 0.31919825}}, ["DummyCFrame"] = CFrame.new(172.50263977, 440.75671387, 24.82069206, 0.96786183, 0, -0.25148255, 0, 1, 0, 0.25148255, 0, 0.96786183), ["Time"] = 0.13602853, ["DummyAnims"] = {}, ["PlayerCFrame"] = CFrame.new(166.63720703, 440.74859619, 24.46685219, -0.36084729, -4e-08, -0.93262494, 6e-08, 1, -7e-08, 0.93262494, -8e-08, -0.36084729)}, {["PlayerAnims"] = {{["Id"] = "rbxassetid://7815618175", ["Name"] = "Animation", ["Time"] = 0.18333209}, {["Id"] = "rbxassetid://7807831448", ["Name"] = "WalkAnim", ["Time"] = 0.33978042}}, ["DummyCFrame"] = CFrame.new(172.50263977, 440.75671387, 24.82069206, 0.96786183, 0, -0.25148255, 0, 1, 0, 0.25148255, 0, 0.96786183), ["Time"] = 0.14573932, ["DummyAnims"] = {}, ["PlayerCFrame"] = CFrame.new(166.92753601, 440.74890137, 24.58224297, -0.30769271, -3e-08, -0.95148581, 4e-08, 1, -5e-08, 0.95148581, -5e-08, -0.30769271)}, {["PlayerAnims"] = {{["Id"] = "rbxassetid://7815618175", ["Name"] = "Animation", ["Time"] = 0.19166543}, {["Id"] = "rbxassetid://7807831448", ["Name"] = "WalkAnim", ["Time"] = 0.35350186}}, ["DummyCFrame"] = CFrame.new(172.50263977, 440.75671387, 24.82069206, 0.96786183, 0, -0.25148255, 0, 1, 0, 0.25148255, 0, 0.96786183), ["Time"] = 0.15554476, ["DummyAnims"] = {}, ["PlayerCFrame"] = CFrame.new(167.12469482, 440.74987793, 24.64932632, -0.26292565, -3e-08, -0.96481609, 3e-08, 1, -4e-08, 0.96481609, -4e-08, -0.26292565)}, {["PlayerAnims"] = {{["Id"] = "rbxassetid://7815618175", ["Name"] = "Animation", ["Time"] = 0.20416543}, {["Id"] = "rbxassetid://7807831448", ["Name"] = "WalkAnim", ["Time"] = 0.37408403}}, ["DummyCFrame"] = CFrame.new(172.50263977, 440.75671387, 24.82069206, 0.96786183, 0, -0.25148255, 0, 1, 0, 0.25148255, 0, 0.96786183), ["Time"] = 0.16556215, ["DummyAnims"] = {}, ["PlayerCFrame"] = CFrame.new(167.42524719, 440.75097656, 24.73460388, -0.236469, -2e-08, -0.97163904, 1e-08, 1, -2e-08, 0.97163904, -2e-08, -0.236469)}, {["PlayerAnims"] = {{["Id"] = "rbxassetid://7815618175", ["Name"] = "Animation", ["Time"] = 0.21249877}, {["Id"] = "rbxassetid://7807831448", ["Name"] = "WalkAnim", ["Time"] = 0.38780546}}, ["DummyCFrame"] = CFrame.new(172.50263977, 440.75671387, 24.82069206, 0.96786183, 0, -0.25148255, 0, 1, 0, 0.25148255, 0, 0.96786183), ["Time"] = 0.17560554, ["DummyAnims"] = {}, ["PlayerCFrame"] = CFrame.new(167.6272583, 440.75167847, 24.78543854, -0.208112, -1e-08, -0.97810501, 0.0, 1, -1e-08, 0.97810501, -1e-08, -0.208112)}, {["PlayerAnims"] = {{["Id"] = "rbxassetid://7815618175", ["Name"] = "Animation", ["Time"] = 0.22083211}, {["Id"] = "rbxassetid://7807831448", ["Name"] = "WalkAnim", ["Time"] = 0.4015269}}, ["DummyCFrame"] = CFrame.new(172.50263977, 440.75671387, 24.82069206, 0.96786183, 0, -0.25148255, 0, 1, 0, 0.25148255, 0, 0.96786183), ["Time"] = 0.18428302, ["DummyAnims"] = {}, ["PlayerCFrame"] = CFrame.new(167.83062744, 440.74710083, 24.8305397, -0.20466252, -0.0, -0.9788326, -1e-08, 1, -0.0, 0.9788326, 1e-08, -0.20466252)}, {["PlayerAnims"] = {{["Id"] = "rbxassetid://7815618175", ["Name"] = "Animation", ["Time"] = 0.22916545}, {["Id"] = "rbxassetid://7807831448", ["Name"] = "WalkAnim", ["Time"] = 0.41524833}}, ["DummyCFrame"] = CFrame.new(172.50263977, 440.75671387, 24.82069206, 0.96786183, 0, -0.25148255, 0, 1, 0, 0.25148255, 0, 0.96786183), ["Time"] = 0.19105744, ["DummyAnims"] = {}, ["PlayerCFrame"] = CFrame.new(168.03445435, 440.74639893, 24.87360764, -0.20466264, 1e-08, -0.9788326, -2e-08, 1, 1e-08, 0.9788326, 2e-08, -0.20466264)}, {["PlayerAnims"] = {{["Id"] = "rbxassetid://7815618175", ["Name"] = "Animation", ["Time"] = 0.23749879}, {["Id"] = "rbxassetid://7807831448", ["Name"] = "WalkAnim", ["Time"] = 0.42896977}}, ["DummyCFrame"] = CFrame.new(172.50263977, 440.75671387, 24.82069206, 0.96786183, 0, -0.25148255, 0, 1, 0, 0.25148255, 0, 0.96786183), ["Time"] = 0.19980097, ["DummyAnims"] = {}, ["PlayerCFrame"] = CFrame.new(168.2383728, 440.74691772, 24.91630554, -0.20466264, 1e-08, -0.9788326, -3e-08, 1, 2e-08, 0.9788326, 3e-08, -0.20466264)}, {["PlayerAnims"] = {{["Id"] = "rbxassetid://7815618175", ["Name"] = "Animation", ["Time"] = 0.24583213}, {["Id"] = "rbxassetid://7807831448", ["Name"] = "WalkAnim", ["Time"] = 0.44269121}}, ["DummyCFrame"] = CFrame.new(172.50263977, 440.75671387, 24.82069206, 0.96786183, 0, -0.25148255, 0, 1, 0, 0.25148255, 0, 0.96786183), ["Time"] = 0.2108314, ["DummyAnims"] = {}, ["PlayerCFrame"] = CFrame.new(168.44229126, 440.74795532, 24.95895386, -0.20293675, 2e-08, -0.97919184, -4e-08, 1, 3e-08, 0.97919184, 5e-08, -0.20293675)}, {["PlayerAnims"] = {{["Id"] = "rbxassetid://7815618175", ["Name"] = "Animation", ["Time"] = 0.25833213}, {["Id"] = "rbxassetid://7807831448", ["Name"] = "WalkAnim", ["Time"] = 0.46327338}}, ["DummyCFrame"] = CFrame.new(172.50263977, 440.75671387, 24.82069206, 0.96786183, 0, -0.25148255, 0, 1, 0, 0.25148255, 0, 0.96786183), ["Time"] = 0.21970582, ["DummyAnims"] = {}, ["PlayerCFrame"] = CFrame.new(168.7482605, 440.74951172, 25.02247429, -0.19948338, 4e-08, -0.97990119, -6e-08, 1, 5e-08, 0.97990119, 7e-08, -0.19948338)}, {["PlayerAnims"] = {{["Id"] = "rbxassetid://7815618175", ["Name"] = "Animation", ["Time"] = 0.26666546}, {["Id"] = "rbxassetid://7807831448", ["Name"] = "WalkAnim", ["Time"] = 0.47699481}}, ["DummyCFrame"] = CFrame.new(172.50263977, 440.75671387, 24.82069206, 0.96786183, 0, -0.25148255, 0, 1, 0, 0.25148255, 0, 0.96786183), ["Time"] = 0.22877622, ["DummyAnims"] = {}, ["PlayerCFrame"] = CFrame.new(168.95237732, 440.75030518, 25.06422424, -0.18564522, 4e-08, -0.98261684, -7e-08, 1, 6e-08, 0.98261684, 8e-08, -0.18564522)}, {["PlayerAnims"] = {{["Id"] = "rbxassetid://7815618175", ["Name"] = "Animation", ["Time"] = 0.27499878}, {["Id"] = "rbxassetid://7807831448", ["Name"] = "WalkAnim", ["Time"] = 0.49071625}}, ["DummyCFrame"] = CFrame.new(172.50263977, 440.75671387, 24.82069206, 0.96786183, 0, -0.25148255, 0, 1, 0, 0.25148255, 0, 0.96786183), ["Time"] = 0.2372241, ["DummyAnims"] = {}, ["PlayerCFrame"] = CFrame.new(169.15693665, 440.75094604, 25.10367012, -0.17177002, 5e-08, -0.9851371, -8e-08, 1, 7e-08, 0.9851371, 9e-08, -0.17177002)}, {["PlayerAnims"] = {{["Id"] = "rbxassetid://7815618175", ["Name"] = "Animation", ["Time"] = 0.28333211}, {["Id"] = "rbxassetid://7807831448", ["Name"] = "WalkAnim", ["Time"] = 0.50443769}}, ["DummyCFrame"] = CFrame.new(172.50263977, 440.75671387, 24.82069206, 0.96786183, 0, -0.25148255, 0, 1, 0, 0.25148255, 0, 0.96786183), ["Time"] = 0.24550319, ["DummyAnims"] = {}, ["PlayerCFrame"] = CFrame.new(169.36201477, 440.75140381, 25.14030838, -0.15960118, 6e-08, -0.9871816, -9e-08, 1, 8e-08, 0.9871816, 1e-07, -0.15960118)}, {["PlayerAnims"] = {{["Id"] = "rbxassetid://7815618175", ["Name"] = "Animation", ["Time"] = 0.29166543}, {["Id"] = "rbxassetid://7807831448", ["Name"] = "WalkAnim", ["Time"] = 0.51815915}}, ["DummyCFrame"] = CFrame.new(172.50263977, 440.75671387, 24.82069206, 0.96786183, -0, -0.25148255, 0, 1, -0, 0.25148255, 0, 0.96786183), ["Time"] = 0.25751019, ["DummyAnims"] = {}, ["PlayerCFrame"] = CFrame.new(169.56755066, 440.7517395, 25.17433167, -0.1517655, 5e-08, -0.98841655, -8e-08, 1, 6e-08, 0.98841655, 8e-08, -0.1517655)}, {["PlayerAnims"] = {{["Id"] = "rbxassetid://7815618175", ["Name"] = "Animation", ["Time"] = 0.30416542}, {["Id"] = "rbxassetid://7807831448", ["Name"] = "WalkAnim", ["Time"] = 0.53971052}, {["Id"] = "http://www.roblox.com/asset/?id=125750702", ["Name"] = "JumpAnim", ["Time"] = 0.0125}}, ["DummyCFrame"] = CFrame.new(172.50263977, 440.75671387, 24.82069206, 0.96786183, -0, -0.25148255, 0, 1, -0, 0.25148255, 0, 0.96786183), ["Time"] = 0.27174568, ["DummyAnims"] = {}, ["PlayerCFrame"] = CFrame.new(169.87594604, 441.38415527, 25.22484016, -0.13344578, 4e-08, -0.99105608, -5e-08, 1, 5e-08, 0.99105608, 6e-08, -0.13344578)}, {["PlayerAnims"] = {{["Id"] = "rbxassetid://7815618175", ["Name"] = "Animation", ["Time"] = 0.31249875}, {["Id"] = "rbxassetid://7807831448", ["Name"] = "WalkAnim", ["Time"] = 0.5540781}, {["Id"] = "http://www.roblox.com/asset/?id=125750702", ["Name"] = "JumpAnim", ["Time"] = 0.02083334}}, ["DummyCFrame"] = CFrame.new(172.50263977, 440.75671387, 24.82069206, 0.96786183, -0, -0.25148255, 0, 1, -0, 0.25148255, 0, 0.96786183), ["Time"] = 0.27731347, ["DummyAnims"] = {}, ["PlayerCFrame"] = CFrame.new(170.07972717, 441.78872681, 25.25128555, -0.0767, 3e-08, -0.99705422, -4e-08, 1, 3e-08, 0.99705422, 4e-08, -0.0767)}, {["PlayerAnims"] = {{["Id"] = "rbxassetid://7815618175", ["Name"] = "Animation", ["Time"] = 0.32083207}, {["Id"] = "rbxassetid://7807831448", ["Name"] = "WalkAnim", ["Time"] = 0.56844568}, {["Id"] = "http://www.roblox.com/asset/?id=125750702", ["Name"] = "JumpAnim", ["Time"] = 0.02916667}}, ["DummyCFrame"] = CFrame.new(172.50263977, 440.75671387, 24.82069206, 0.96786183, -0, -0.25148255, 0, 1, -0, 0.25148255, 0, 0.96786183), ["Time"] = 0.28422022, ["DummyAnims"] = {}, ["PlayerCFrame"] = CFrame.new(170.2809906, 442.17965698, 25.26812744, -0.05184555, 2e-08, -0.99865514, -2e-08, 1, 2e-08, 0.99865514, 2e-08, -0.05184555)}, {["PlayerAnims"] = {{["Id"] = "rbxassetid://7815618175", ["Name"] = "Animation", ["Time"] = 0.32499874}, {["Id"] = "rbxassetid://7807831448", ["Name"] = "WalkAnim", ["Time"] = 0.57562947}, {["Id"] = "http://www.roblox.com/asset/?id=125750702", ["Name"] = "JumpAnim", ["Time"] = 0.03333334}}, ["DummyCFrame"] = CFrame.new(172.50263977, 440.75671387, 24.82069206, 0.96786183, -0, -0.25148255, 0, 1, -0, 0.25148255, 0, 0.96786183), ["Time"] = 0.28947711, ["DummyAnims"] = {}, ["PlayerCFrame"] = CFrame.new(170.38066101, 442.37002563, 25.27295303, -0.00658782, 1e-08, -0.9999783, -1e-08, 1, 1e-08, 0.9999783, 1e-08, -0.00658782)}, {["PlayerAnims"] = {{["Id"] = "rbxassetid://7815618175", ["Name"] = "Animation", ["Time"] = 0.33333206}, {["Id"] = "rbxassetid://7807831448", ["Name"] = "WalkAnim", ["Time"] = 0.58999705}, {["Id"] = "http://www.roblox.com/asset/?id=125750702", ["Name"] = "JumpAnim", ["Time"] = 0.04166667}}, ["DummyCFrame"] = CFrame.new(172.50263977, 440.75671387, 24.82069206, 0.96786183, -0, -0.25148255, 0, 1, -0, 0.25148255, 0, 0.96786183), ["Time"] = 0.29662037, ["DummyAnims"] = {}, ["PlayerCFrame"] = CFrame.new(170.57775879, 442.74053955, 25.27549362, 0.07242483, 0.0, -0.99737388, 0.0, 1, 0.0, 0.99737388, -0.0, 0.07242483)}, {["PlayerAnims"] = {{["Id"] = "rbxassetid://7815618175", ["Name"] = "Animation", ["Time"] = 0.34166539}, {["Id"] = "rbxassetid://7807831448", ["Name"] = "WalkAnim", ["Time"] = 0.60436463}, {["Id"] = "http://www.roblox.com/asset/?id=125750702", ["Name"] = "JumpAnim", ["Time"] = 0.05}, {["Id"] = "rbxassetid://10469493270", ["Name"] = "Animation", ["Time"] = 0.01}}, ["DummyCFrame"] = CFrame.new(172.50263977, 440.75671387, 24.82069206, 0.96786183, -0, -0.25148255, 0, 1, -0, 0.25148255, 0, 0.96786183), ["Time"] = 0.30529189, ["DummyAnims"] = {}, ["PlayerCFrame"] = CFrame.new(170.7686615, 443.09741211, 25.27060509, 0.11395601, -1e-08, -0.99348581, 2e-08, 1, -1e-08, 0.99348581, -2e-08, 0.11395601)}, {["PlayerAnims"] = {{["Id"] = "rbxassetid://7815618175", ["Name"] = "Animation", ["Time"] = 0.34999871}, {["Id"] = "rbxassetid://7807831448", ["Name"] = "WalkAnim", ["Time"] = 0.61873221}, {["Id"] = "http://www.roblox.com/asset/?id=125750702", ["Name"] = "JumpAnim", ["Time"] = 0.05833333}, {["Id"] = "rbxassetid://10469493270", ["Name"] = "Animation", ["Time"] = 0.02}}, ["DummyCFrame"] = CFrame.new(172.50263977, 440.75671387, 24.82069206, 0.96786183, -0, -0.25148255, 0, 1, -0, 0.25148255, 0, 0.96786183), ["Time"] = 0.31213045, ["DummyAnims"] = {}, ["PlayerCFrame"] = CFrame.new(170.95227051, 443.44067383, 25.25896835, 0.24700186, -2e-08, -0.969015, 4e-08, 1, -1e-08, 0.969015, -3e-08, 0.24700186)}, {["PlayerAnims"] = {{["Id"] = "rbxassetid://7815618175", ["Name"] = "Animation", ["Time"] = 0.35416538}, {["Id"] = "rbxassetid://7807831448", ["Name"] = "WalkAnim", ["Time"] = 0.625916}, {["Id"] = "http://www.roblox.com/asset/?id=125750702", ["Name"] = "JumpAnim", ["Time"] = 0.0625}, {["Id"] = "rbxassetid://10469493270", ["Name"] = "Animation", ["Time"] = 0.025}}, ["DummyCFrame"] = CFrame.new(172.50263977, 440.75671387, 24.82069206, 0.96786183, -0, -0.25148255, 0, 1, -0, 0.25148255, 0, 0.96786183), ["Time"] = 0.31869602, ["DummyAnims"] = {}, ["PlayerCFrame"] = CFrame.new(171.0413208, 443.60720825, 25.25064278, 0.29296622, -3e-08, -0.95612282, 5e-08, 1, -1e-08, 0.95612282, -4e-08, 0.29296622)}, {["PlayerAnims"] = {{["Id"] = "rbxassetid://7815618175", ["Name"] = "Animation", ["Time"] = 0.3624987}, {["Id"] = "rbxassetid://7807831448", ["Name"] = "WalkAnim", ["Time"] = 0.64028358}, {["Id"] = "http://www.roblox.com/asset/?id=125750702", ["Name"] = "JumpAnim", ["Time"] = 0.07083333}, {["Id"] = "rbxassetid://10469493270", ["Name"] = "Animation", ["Time"] = 0.035}}, ["DummyCFrame"] = CFrame.new(172.50263977, 440.75671387, 24.82069206, 0.96786183, -0, -0.25148255, 0, 1, -0, 0.25148255, 0, 0.96786183), ["Time"] = 0.3253386, ["DummyAnims"] = {}, ["PlayerCFrame"] = CFrame.new(171.21383667, 443.93002319, 25.22906113, 0.39274013, -4e-08, -0.91964948, 6e-08, 1, -2e-08, 0.91964948, -5e-08, 0.39274013)}, {["PlayerAnims"] = {{["Id"] = "rbxassetid://7815618175", ["Name"] = "Animation", ["Time"] = 0.37083203}, {["Id"] = "rbxassetid://7807831448", ["Name"] = "WalkAnim", ["Time"] = 0.65465117}, {["Id"] = "http://www.roblox.com/asset/?id=125750702", ["Name"] = "JumpAnim", ["Time"] = 0.07916667}, {["Id"] = "rbxassetid://10469493270", ["Name"] = "Animation", ["Time"] = 0.04500001}}, ["DummyCFrame"] = CFrame.new(172.50263977, 440.75671387, 24.82069206, 0.96786183, -0, -0.25148255, 0, 1, -0, 0.25148255, 0, 0.96786183), ["Time"] = 0.33381271, ["DummyAnims"] = {}, ["PlayerCFrame"] = CFrame.new(171.37776184, 444.23922729, 25.20267868, 0.46151093, -5e-08, -0.88713449, 8e-08, 1, -2e-08, 0.88713449, -7e-08, 0.46151093)}, {["PlayerAnims"] = {{["Id"] = "rbxassetid://7815618175", ["Name"] = "Animation", ["Time"] = 0.37916535}, {["Id"] = "rbxassetid://7807831448", ["Name"] = "WalkAnim", ["Time"] = 0.00235206}, {["Id"] = "http://www.roblox.com/asset/?id=125750702", ["Name"] = "JumpAnim", ["Time"] = 0.0875}, {["Id"] = "rbxassetid://10469493270", ["Name"] = "Animation", ["Time"] = 0.05500001}}, ["DummyCFrame"] = CFrame.new(172.50263977, 440.75671387, 24.82069206, 0.96786183, -0, -0.25148255, 0, 1, -0, 0.25148255, 0, 0.96786183), ["Time"] = 0.34070849, ["DummyAnims"] = {}, ["PlayerCFrame"] = CFrame.new(171.53259277, 444.53479004, 25.17227173, 0.49856123, -6e-08, -0.86685449, 1e-07, 1, -1e-08, 0.86685449, -8e-08, 0.49856123)}, {["PlayerAnims"] = {{["Id"] = "rbxassetid://7815618175", ["Name"] = "Animation", ["Time"] = 0.38333201}, {["Id"] = "rbxassetid://7807831448", ["Name"] = "WalkAnim", ["Time"] = 0.00953586}, {["Id"] = "http://www.roblox.com/asset/?id=125750702", ["Name"] = "JumpAnim", ["Time"] = 0.09166667}, {["Id"] = "rbxassetid://10469493270", ["Name"] = "Animation", ["Time"] = 0.06000001}}, ["DummyCFrame"] = CFrame.new(172.50263977, 440.75671387, 24.82069206, 0.96786183, -0, -0.25148255, 0, 1, -0, 0.25148255, 0, 0.96786183), ["Time"] = 0.34687471, ["DummyAnims"] = {}, ["PlayerCFrame"] = CFrame.new(171.60658264, 444.67745972, 25.15561676, 0.48628905, -6e-08, -0.87379801, 1.1e-07, 1, -1e-08, 0.87379801, -9e-08, 0.48628905)}, {["PlayerAnims"] = {{["Id"] = "rbxassetid://7815618175", ["Name"] = "Animation", ["Time"] = 0.39166534}, {["Id"] = "rbxassetid://7807831448", ["Name"] = "WalkAnim", ["Time"] = 0.02390345}, {["Id"] = "http://www.roblox.com/asset/?id=125750702", ["Name"] = "JumpAnim", ["Time"] = 0.1}, {["Id"] = "rbxassetid://10469493270", ["Name"] = "Animation", ["Time"] = 0.07000001}}, ["DummyCFrame"] = CFrame.new(172.50263977, 440.75671387, 24.82069206, 0.96786183, -0, -0.25148255, 0, 1, -0, 0.25148255, 0, 0.96786183), ["Time"] = 0.35542464, ["DummyAnims"] = {}, ["PlayerCFrame"] = CFrame.new(171.74766541, 444.9526062, 25.11949539, 0.53839284, -7e-08, -0.84269398, 1.3e-07, 1, -0.0, 0.84269398, -1.1e-07, 0.53839284)}, {["PlayerAnims"] = {{["Id"] = "rbxassetid://7815618175", ["Name"] = "Animation", ["Time"] = 0.39999866}, {["Id"] = "http://www.roblox.com/asset/?id=125750702", ["Name"] = "JumpAnim", ["Time"] = 0.10833333}, {["Id"] = "rbxassetid://10469493270", ["Name"] = "Animation", ["Time"] = 0.08000001}}, ["DummyCFrame"] = CFrame.new(172.50263977, 440.75671387, 24.82069206, 0.96786183, -0, -0.25148255, 0, 1, -0, 0.25148255, 0, 0.96786183), ["Time"] = 0.36226249, ["DummyAnims"] = {}, ["PlayerCFrame"] = CFrame.new(171.8795166, 445.21411133, 25.07971191, 0.5417068, -8e-08, -0.84056753, 1.5e-07, 1, 0.0, 0.84056753, -1.3e-07, 0.5417068)}, {["PlayerAnims"] = {{["Id"] = "rbxassetid://7815618175", ["Name"] = "Animation", ["Time"] = 0.40416533}, {["Id"] = "http://www.roblox.com/asset/?id=125750702", ["Name"] = "JumpAnim", ["Time"] = 0.1125}, {["Id"] = "rbxassetid://10469493270", ["Name"] = "Animation", ["Time"] = 0.08500001}}, ["DummyCFrame"] = CFrame.new(172.50263977, 440.75671387, 24.82069206, 0.96786183, -0, -0.25148255, 0, 1, -0, 0.25148255, 0, 0.96786183), ["Time"] = 0.36820221, ["DummyAnims"] = {}, ["PlayerCFrame"] = CFrame.new(171.94197083, 445.3397522, 25.05846214, 0.51354945, -8e-08, -0.85806, 1.6e-07, 1, 1e-08, 0.85806, -1.4e-07, 0.51354945)}, {["PlayerAnims"] = {{["Id"] = "rbxassetid://7815618175", ["Name"] = "Animation", ["Time"] = 0.40833199}, {["Id"] = "http://www.roblox.com/asset/?id=125750702", ["Name"] = "JumpAnim", ["Time"] = 0.11666667}, {["Id"] = "rbxassetid://10469493270", ["Name"] = "Animation", ["Time"] = 0.09000001}}, ["DummyCFrame"] = CFrame.new(172.50263977, 440.75671387, 24.82069206, 0.96786183, -0, -0.25148255, 0, 1, -0, 0.25148255, 0, 0.96786183), ["Time"] = 0.3735466, ["DummyAnims"] = {}, ["PlayerCFrame"] = CFrame.new(172.00212097, 445.46200562, 25.03630829, 0.51356578, -7e-08, -0.85805023, 1.5e-07, 1, 1e-08, 0.85805023, -1.3e-07, 0.51356578)}, {["PlayerAnims"] = {{["Id"] = "rbxassetid://7815618175", ["Name"] = "Animation", ["Time"] = 0.41666532}, {["Id"] = "http://www.roblox.com/asset/?id=125750702", ["Name"] = "JumpAnim", ["Time"] = 0.12500001}, {["Id"] = "rbxassetid://10469493270", ["Name"] = "Animation", ["Time"] = 0.10000001}}, ["DummyCFrame"] = CFrame.new(172.50263977, 440.75671387, 24.82069206, 0.96786183, -0, -0.25148255, 0, 1, -0, 0.25148255, 0, 0.96786183), ["Time"] = 0.37935019, ["DummyAnims"] = {}, ["PlayerCFrame"] = CFrame.new(172.11547852, 445.69625854, 24.98928833, 0.54186392, -6e-08, -0.84046626, 1.3e-07, 1, 2e-08, 0.84046626, -1.2e-07, 0.54186392)}, {["PlayerAnims"] = {{["Id"] = "rbxassetid://7815618175", ["Name"] = "Animation", ["Time"] = 0.42083198}, {["Id"] = "http://www.roblox.com/asset/?id=125750702", ["Name"] = "JumpAnim", ["Time"] = 0.12916668}, {["Id"] = "rbxassetid://10469493270", ["Name"] = "Animation", ["Time"] = 0.10500001}}, ["DummyCFrame"] = CFrame.new(172.50263977, 440.75671387, 24.82069206, 0.96786183, -0, -0.25148255, 0, 1, -0, 0.25148255, 0, 0.96786183), ["Time"] = 0.38598347, ["DummyAnims"] = {}, ["PlayerCFrame"] = CFrame.new(172.16868591, 445.80828857, 24.96442223, 0.51358366, -5e-08, -0.8580395, 1.3e-07, 1, 2e-08, 0.8580395, -1.2e-07, 0.51358366)}, {["PlayerAnims"] = {{["Id"] = "rbxassetid://7815618175", ["Name"] = "Animation", ["Time"] = 0.4291653}, {["Id"] = "http://www.roblox.com/asset/?id=125750702", ["Name"] = "JumpAnim", ["Time"] = 0.13750002}, {["Id"] = "rbxassetid://10469493270", ["Name"] = "Animation", ["Time"] = 0.11500001}}, ["DummyCFrame"] = CFrame.new(172.50263977, 440.75671387, 24.82069206, 0.96786183, -0, -0.25148255, 0, 1, -0, 0.25148255, 0, 0.96786183), ["Time"] = 0.39299393, ["DummyAnims"] = {}, ["PlayerCFrame"] = CFrame.new(172.26817322, 446.02209473, 24.91197777, 0.54188055, -4e-08, -0.84045547, 1.1e-07, 1, 2e-08, 0.84045547, -1e-07, 0.54188055)}, {["PlayerAnims"] = {{["Id"] = "rbxassetid://7815618175", ["Name"] = "Animation", ["Time"] = 0.43333197}, {["Id"] = "http://www.roblox.com/asset/?id=125750702", ["Name"] = "JumpAnim", ["Time"] = 0.14166668}, {["Id"] = "rbxassetid://10469493270", ["Name"] = "Animation", ["Time"] = 0.12000001}}, ["DummyCFrame"] = CFrame.new(172.50263977, 440.75671387, 24.82069206, 0.96786183, -0, -0.25148255, 0, 1, -0, 0.25148255, 0, 0.96786183), ["Time"] = 0.39898515, ["DummyAnims"] = {}, ["PlayerCFrame"] = CFrame.new(172.31445312, 446.12390137, 24.88439941, 0.51358777, -3e-08, -0.85803705, 1e-07, 1, 3e-08, 0.85803705, -1e-07, 0.51358777)}, {["PlayerAnims"] = {{["Id"] = "rbxassetid://7815618175", ["Name"] = "Animation", ["Time"] = 0.44166529}, {["Id"] = "http://www.roblox.com/asset/?id=125750702", ["Name"] = "JumpAnim", ["Time"] = 0.15000002}, {["Id"] = "rbxassetid://10469493270", ["Name"] = "Animation", ["Time"] = 0.13000001}}, ["DummyCFrame"] = CFrame.new(172.50263977, 440.75671387, 24.82069206, 0.96786183, -0, -0.25148255, 0, 1, -0, 0.25148255, 0, 0.96786183), ["Time"] = 0.40651822, ["DummyAnims"] = {}, ["PlayerCFrame"] = CFrame.new(172.40007019, 446.31729126, 24.82652855, 0.54188418, -2e-08, -0.84045315, 8e-08, 1, 3e-08, 0.84045315, -9e-08, 0.54188418)}, {["PlayerAnims"] = {{["Id"] = "http://www.roblox.com/asset/?id=125750702", ["Name"] = "JumpAnim", ["Time"] = 0.15833336}, {["Id"] = "rbxassetid://10469493270", ["Name"] = "Animation", ["Time"] = 0.14000002}}, ["DummyCFrame"] = CFrame.new(172.50263977, 440.75671387, 24.82069206, 0.96786183, -0, -0.25148255, 0, 1, -0, 0.25148255, 0, 0.96786183), ["Time"] = 0.41247106, ["DummyAnims"] = {}, ["PlayerCFrame"] = CFrame.new(172.47644043, 446.49703979, 24.76503944, 0.54114366, -1e-08, -0.84093016, 7e-08, 1, 3e-08, 0.84093016, -7e-08, 0.54114366)}, {["PlayerAnims"] = {{["Id"] = "http://www.roblox.com/asset/?id=125750702", ["Name"] = "JumpAnim", ["Time"] = 0.1666667}, {["Id"] = "rbxassetid://10469493270", ["Name"] = "Animation", ["Time"] = 0.15000002}}, ["DummyCFrame"] = CFrame.new(172.50263977, 440.75671387, 24.82069206, 0.96786183, -0, -0.25148255, 0, 1, -0, 0.25148255, 0, 0.96786183), ["Time"] = 0.42266273, ["DummyAnims"] = {}, ["PlayerCFrame"] = CFrame.new(172.54356384, 446.66317749, 24.6999321, 0.54114407, 0.0, -0.84092993, 5e-08, 1, 3e-08, 0.84092993, -6e-08, 0.54114407)}, {["PlayerAnims"] = {{["Id"] = "http://www.roblox.com/asset/?id=125750702", ["Name"] = "JumpAnim", ["Time"] = 0.17083336}, {["Id"] = "rbxassetid://10469493270", ["Name"] = "Animation", ["Time"] = 0.15500002}}, ["DummyCFrame"] = CFrame.new(172.50263977, 440.75671387, 24.82069206, 0.96786183, -0, -0.25148255, 0, 1, -0, 0.25148255, 0, 0.96786183), ["Time"] = 0.4283154, ["DummyAnims"] = {}, ["PlayerCFrame"] = CFrame.new(172.57365417, 446.7411499, 24.66601944, 0.51283246, 1e-08, -0.85848868, 4e-08, 1, 3e-08, 0.85848868, -5e-08, 0.51283246)}, {["PlayerAnims"] = {{["Id"] = "http://www.roblox.com/asset/?id=125750702", ["Name"] = "JumpAnim", ["Time"] = 0.1791667}, {["Id"] = "rbxassetid://10469493270", ["Name"] = "Animation", ["Time"] = 0.16500002}}, ["DummyCFrame"] = CFrame.new(172.50263977, 440.75671387, 24.82069206, 0.96786183, -0, -0.25148255, 0, 1, -0, 0.25148255, 0, 0.96786183), ["Time"] = 0.43471408, ["DummyAnims"] = {}, ["PlayerCFrame"] = CFrame.new(172.62690735, 446.88684082, 24.59547806, 0.54114431, 2e-08, -0.84092975, 3e-08, 1, 4e-08, 0.84092975, -4e-08, 0.54114431)}, {["PlayerAnims"] = {{["Id"] = "http://www.roblox.com/asset/?id=125750702", ["Name"] = "JumpAnim", ["Time"] = 0.18333337}, {["Id"] = "rbxassetid://10469493270", ["Name"] = "Animation", ["Time"] = 0.17000002}}, ["DummyCFrame"] = CFrame.new(172.50263977, 440.75671387, 24.82069206, 0.96786183, -0, -0.25148255, 0, 1, -0, 0.25148255, 0, 0.96786183), ["Time"] = 0.44107342, ["DummyAnims"] = {}, ["PlayerCFrame"] = CFrame.new(172.65007019, 446.95458984, 24.55884933, 0.51283282, 2e-08, -0.8584885, 2e-08, 1, 4e-08, 0.8584885, -3e-08, 0.51283282)}, {["PlayerAnims"] = {{["Id"] = "http://www.roblox.com/asset/?id=125750702", ["Name"] = "JumpAnim", ["Time"] = 0.19166671}, {["Id"] = "rbxassetid://10469493270", ["Name"] = "Animation", ["Time"] = 0.18000002}}, ["DummyCFrame"] = CFrame.new(172.50263977, 440.75671387, 24.82069206, 0.96786183, -0, -0.25148255, 0, 1, -0, 0.25148255, 0, 0.96786183), ["Time"] = 0.44844747, ["DummyAnims"] = {}, ["PlayerCFrame"] = CFrame.new(172.68945312, 447.07983398, 24.48287392, 0.54040325, 3e-08, -0.84140617, 0.0, 1, 3e-08, 0.84140617, -2e-08, 0.54040325)}, {["PlayerAnims"] = {{["Id"] = "http://www.roblox.com/asset/?id=125750702", ["Name"] = "JumpAnim", ["Time"] = 0.20000005}, {["Id"] = "rbxassetid://10469493270", ["Name"] = "Animation", ["Time"] = 0.19000003}}, ["DummyCFrame"] = CFrame.new(172.50263977, 440.75671387, 24.82069206, 0.96786183, -0, -0.25148255, 0, 1, -0, 0.25148255, 0, 0.96786183), ["Time"] = 0.45612884, ["DummyAnims"] = {}, ["PlayerCFrame"] = CFrame.new(172.71958923, 447.19146729, 24.40327072, 0.53966147, 4e-08, -0.84188211, -1e-08, 1, 3e-08, 0.84188211, -1e-08, 0.53966147)}, {["PlayerAnims"] = {{["Id"] = "http://www.roblox.com/asset/?id=125750702", ["Name"] = "JumpAnim", ["Time"] = 0.20833339}, {["Id"] = "rbxassetid://10469493270", ["Name"] = "Animation", ["Time"] = 0.20000003}}, ["DummyCFrame"] = CFrame.new(172.50263977, 440.75671387, 24.82069206, 0.96786183, -0, -0.25148255, 0, 1, -0, 0.25148255, 0, 0.96786183), ["Time"] = 0.46418571, ["DummyAnims"] = {}, ["PlayerCFrame"] = CFrame.new(172.74047852, 447.28948975, 24.32003212, 0.53891915, 4e-08, -0.84235746, -3e-08, 1, 3e-08, 0.84235746, 1e-08, 0.53891915)}, {["PlayerAnims"] = {{["Id"] = "http://www.roblox.com/asset/?id=125750702", ["Name"] = "JumpAnim", ["Time"] = 0.21666673}, {["Id"] = "rbxassetid://10469493270", ["Name"] = "Animation", ["Time"] = 0.21000004}}, ["DummyCFrame"] = CFrame.new(172.50263977, 440.75671387, 24.82069206, 0.96786183, -0, -0.25148255, 0, 1, -0, 0.25148255, 0, 0.96786183), ["Time"] = 0.47049928, ["DummyAnims"] = {}, ["PlayerCFrame"] = CFrame.new(172.75213623, 447.37387085, 24.23314857, 0.5381766, 5e-08, -0.84283209, -5e-08, 1, 3e-08, 0.84283209, 2e-08, 0.5381766)}, {["PlayerAnims"] = {{["Id"] = "http://www.roblox.com/asset/?id=125750702", ["Name"] = "JumpAnim", ["Time"] = 0.22500007}, {["Id"] = "rbxassetid://10469493270", ["Name"] = "Animation", ["Time"] = 0.22000004}}, ["DummyCFrame"] = CFrame.new(172.50263977, 440.75671387, 24.82069206, 0.96786183, -0, -0.25148255, 0, 1, -0, 0.25148255, 0, 0.96786183), ["Time"] = 0.4776814, ["DummyAnims"] = {}, ["PlayerCFrame"] = CFrame.new(172.75456238, 447.44464111, 24.14260864, 0.53668976, 5e-08, -0.84377968, -6e-08, 1, 2e-08, 0.84377968, 4e-08, 0.53668976)}, {["PlayerAnims"] = {{["Id"] = "http://www.roblox.com/asset/?id=125750702", ["Name"] = "JumpAnim", ["Time"] = 0.23333341}, {["Id"] = "rbxassetid://10469493270", ["Name"] = "Animation", ["Time"] = 0.23000005}}, ["DummyCFrame"] = CFrame.new(172.50263977, 440.75671387, 24.82069206, 0.96786183, -0, -0.25148255, 0, 1, -0, 0.25148255, 0, 0.96786183), ["Time"] = 0.48960495, ["DummyAnims"] = {{["Id"] = "rbxassetid://10473655645", ["Name"] = "Animation", ["Time"] = 0.00833333}}, ["PlayerCFrame"] = CFrame.new(172.82955933, 447.44784546, 24.12109375, 0.53520149, 6e-08, -0.84472442, -8e-08, 1, 2e-08, 0.84472442, 6e-08, 0.53520149)}, {["PlayerAnims"] = {{["Id"] = "http://www.roblox.com/asset/?id=125750702", ["Name"] = "JumpAnim", ["Time"] = 0.24166675}, {["Id"] = "rbxassetid://10469493270", ["Name"] = "Animation", ["Time"] = 0.24000005}}, ["DummyCFrame"] = CFrame.new(172.50263977, 440.75671387, 24.82069206, 0.96786183, -0, -0.25148255, 0, 1, -0, 0.25148255, 0, 0.96786183), ["Time"] = 0.49520469, ["DummyAnims"] = {{["Id"] = "rbxassetid://10473655645", ["Name"] = "Animation", ["Time"] = 0.01666667}}, ["PlayerCFrame"] = CFrame.new(172.90797424, 447.44784546, 24.10344887, 0.53445703, 6e-08, -0.84519565, -1e-07, 1, 1e-08, 0.84519565, 7e-08, 0.53445703)}, {["PlayerAnims"] = {{["Id"] = "http://www.roblox.com/asset/?id=125750702", ["Name"] = "JumpAnim", ["Time"] = 0.24583341}, {["Id"] = "rbxassetid://10469493270", ["Name"] = "Animation", ["Time"] = 0.24500005}}, ["DummyCFrame"] = CFrame.new(172.50263977, 440.75671387, 24.82069206, 0.96786183, -0, -0.25148255, 0, 1, -0, 0.25148255, 0, 0.96786183), ["Time"] = 0.50101089, ["DummyAnims"] = {{["Id"] = "rbxassetid://10473655645", ["Name"] = "Animation", ["Time"] = 0.02083333}}, ["PlayerCFrame"] = CFrame.new(172.94717407, 447.44784546, 24.09461975, 0.50600678, 6e-08, -0.86252952, -1e-07, 1, 1e-08, 0.86252952, 8e-08, 0.50600678)}, {["PlayerAnims"] = {{["Id"] = "http://www.roblox.com/asset/?id=125750702", ["Name"] = "JumpAnim", ["Time"] = 0.25416675}, {["Id"] = "rbxassetid://10469493270", ["Name"] = "Animation", ["Time"] = 0.25500005}}, ["DummyCFrame"] = CFrame.new(172.50263977, 440.75671387, 24.82069206, 0.96786183, -0, -0.25148255, 0, 1, -0, 0.25148255, 0, 0.96786183), ["Time"] = 0.50846004, ["DummyAnims"] = {{["Id"] = "rbxassetid://10473655645", ["Name"] = "Animation"