return {["StartTime"] = 1759539041.3030033, ["Frames"] = {{["PlayerAnims"] = {{["Id"] = "rbxassetid://7815618175", ["Name"] = "Animation", ["Time"] = 0.14166519}, {["Id"] = "rbxassetid://7807831448", ["Name"] = "WalkAnim", ["Time"] = 0.45632842}}, ["DummyCFrame"] = CFrame.new(127.2675705, 440.75671387, 38.86777878, 0.99097949, 0, -0.1340138, 0, 1, 0, 0.1340138, 0, 0.99097949), ["Time"] = 0.03528285, ["DummyAnims"] = {}, ["PlayerCFrame"] = CFrame.new(116.82189178, 440.75439453, 38.34078598, -0.20404167, -1e-07, -0.97896218, -4e-08, 1, -9e-08, 0.97896218, 2e-08, -0.20404167)}, {["PlayerAnims"] = {{["Id"] = "rbxassetid://7815618175", ["Name"] = "Animation", ["Time"] = 0.14999853}, {["Id"] = "rbxassetid://7807831448", ["Name"] = "WalkAnim", ["Time"] = 0.47022668}}, ["DummyCFrame"] = CFrame.new(127.2675705, 440.75671387, 38.86777878, 0.99097949, 0, -0.1340138, 0, 1, 0, 0.1340138, 0, 0.99097949), ["Time"] = 0.0451715, ["DummyAnims"] = {}, ["PlayerCFrame"] = CFrame.new(117.02584076, 440.75439453, 38.38329697, -0.20404167, -8e-08, -0.97896218, -3e-08, 1, -8e-08, 0.97896218, 1e-08, -0.20404167)}, {["PlayerAnims"] = {{["Id"] = "rbxassetid://7815618175", ["Name"] = "Animation", ["Time"] = 0.16249853}, {["Id"] = "rbxassetid://7807831448", ["Name"] = "WalkAnim", ["Time"] = 0.49107406}}, ["DummyCFrame"] = CFrame.new(127.2675705, 440.75671387, 38.86777878, 0.99097949, 0, -0.1340138, 0, 1, 0, 0.1340138, 0, 0.99097949), ["Time"] = 0.05298519, ["DummyAnims"] = {}, ["PlayerCFrame"] = CFrame.new(117.33176422, 440.75439453, 38.44706345, -0.20404167, -5e-08, -0.97896218, -2e-08, 1, -5e-08, 0.97896218, 1e-08, -0.20404167)}, {["PlayerAnims"] = {{["Id"] = "rbxassetid://7815618175", ["Name"] = "Animation", ["Time"] = 0.17083187}, {["Id"] = "rbxassetid://7807831448", ["Name"] = "WalkAnim", ["Time"] = 0.50497234}}, ["DummyCFrame"] = CFrame.new(127.2675705, 440.75671387, 38.86777878, 0.99097949, 0, -0.1340138, 0, 1, 0, 0.1340138, 0, 0.99097949), ["Time"] = 0.06117344, ["DummyAnims"] = {}, ["PlayerCFrame"] = CFrame.new(117.5357132, 440.75439453, 38.48957443, -0.20404167, -4e-08, -0.97896218, -1e-08, 1, -3e-08, 0.97896218, 0.0, -0.20404167)}, {["PlayerAnims"] = {{["Id"] = "rbxassetid://7815618175", ["Name"] = "Animation", ["Time"] = 0.17916521}, {["Id"] = "rbxassetid://7807831448", ["Name"] = "WalkAnim", ["Time"] = 0.51887059}}, ["DummyCFrame"] = CFrame.new(127.2675705, 440.75671387, 38.86777878, 0.99097949, 0, -0.1340138, 0, 1, 0, 0.1340138, 0, 0.99097949), ["Time"] = 0.07183528, ["DummyAnims"] = {}, ["PlayerCFrame"] = CFrame.new(117.73966217, 440.75439453, 38.53208542, -0.20404167, -2e-08, -0.97896218, -0.0, 1, -2e-08, 0.97896218, 0.0, -0.20404167)}, {["PlayerAnims"] = {{["Id"] = "rbxassetid://7815618175", ["Name"] = "Animation", ["Time"] = 0.18749855}, {["Id"] = "rbxassetid://7807831448", ["Name"] = "WalkAnim", ["Time"] = 0.53276885}}, ["DummyCFrame"] = CFrame.new(127.2675705, 440.75671387, 38.86777878, 0.99097949, 0, -0.1340138, 0, 1, 0, 0.1340138, 0, 0.99097949), ["Time"] = 0.08178592, ["DummyAnims"] = {}, ["PlayerCFrame"] = CFrame.new(117.94361115, 440.75439453, 38.57459641, -0.20404167, 0.0, -0.97896218, 0.0, 1, -0.0, 0.97896218, -0.0, -0.20404167)}, {["PlayerAnims"] = {{["Id"] = "rbxassetid://7815618175", ["Name"] = "Animation", ["Time"] = 0.19583189}, {["Id"] = "rbxassetid://7807831448", ["Name"] = "WalkAnim", ["Time"] = 0.5466671}}, ["DummyCFrame"] = CFrame.new(127.2675705, 440.75671387, 38.86777878, 0.99097949, 0, -0.1340138, 0, 1, 0, 0.1340138, 0, 0.99097949), ["Time"] = 0.08849454, ["DummyAnims"] = {}, ["PlayerCFrame"] = CFrame.new(118.14756012, 440.75439453, 38.61710739, -0.20404167, 2e-08, -0.97896218, 1e-08, 1, 2e-08, 0.97896218, -1e-08, -0.20404167)}, {["PlayerAnims"] = {{["Id"] = "rbxassetid://7815618175", ["Name"] = "Animation", ["Time"] = 0.19999856}, {["Id"] = "rbxassetid://7807831448", ["Name"] = "WalkAnim", ["Time"] = 0.55361623}}, ["DummyCFrame"] = CFrame.new(127.2675705, 440.75671387, 38.86777878, 0.99097949, 0, -0.1340138, 0, 1, 0, 0.1340138, 0, 0.99097949), ["Time"] = 0.09448004, ["DummyAnims"] = {}, ["PlayerCFrame"] = CFrame.new(118.24953461, 440.75439453, 38.63836288, -0.20404167, 3e-08, -0.97896218, 2e-08, 1, 2e-08, 0.97896218, -1e-08, -0.20404167)}, {["PlayerAnims"] = {{["Id"] = "rbxassetid://7815618175", ["Name"] = "Animation", ["Time"] = 0.2083319}, {["Id"] = "rbxassetid://7807831448", ["Name"] = "WalkAnim", ["Time"] = 0.56751448}}, ["DummyCFrame"] = CFrame.new(127.2675705, 440.75671387, 38.86777878, 0.99097949, 0, -0.1340138, 0, 1, 0, 0.1340138, 0, 0.99097949), ["Time"] = 0.10068798, ["DummyAnims"] = {}, ["PlayerCFrame"] = CFrame.new(118.45348358, 440.75439453, 38.68087387, -0.20404167, 5e-08, -0.97896218, 2e-08, 1, 4e-08, 0.97896218, -1e-08, -0.20404167)}, {["PlayerAnims"] = {{["Id"] = "rbxassetid://7815618175", ["Name"] = "Animation", ["Time"] = 0.21666524}, {["Id"] = "rbxassetid://7807831448", ["Name"] = "WalkAnim", ["Time"] = 0.58141273}}, ["DummyCFrame"] = CFrame.new(127.2675705, 440.75671387, 38.86777878, 0.99097949, 0, -0.1340138, 0, 1, 0, 0.1340138, 0, 0.99097949), ["Time"] = 0.10808873, ["DummyAnims"] = {}, ["PlayerCFrame"] = CFrame.new(118.65743256, 440.75439453, 38.72338486, -0.20404167, 6e-08, -0.97896218, 3e-08, 1, 6e-08, 0.97896218, -2e-08, -0.20404167)}, {["PlayerAnims"] = {{["Id"] = "rbxassetid://7815618175", ["Name"] = "Animation", ["Time"] = 0.2208319}, {["Id"] = "rbxassetid://7807831448", ["Name"] = "WalkAnim", ["Time"] = 0.58836186}}, ["DummyCFrame"] = CFrame.new(127.2675705, 440.75671387, 38.86777878, 0.99097949, 0, -0.1340138, 0, 1, 0, 0.1340138, 0, 0.99097949), ["Time"] = 0.11366677, ["DummyAnims"] = {}, ["PlayerCFrame"] = CFrame.new(118.75940704, 440.75439453, 38.74464035, -0.20404167, 7e-08, -0.97896218, 4e-08, 1, 7e-08, 0.97896218, -2e-08, -0.20404167)}, {["PlayerAnims"] = {{["Id"] = "rbxassetid://7815618175", ["Name"] = "Animation", ["Time"] = 0.22499856}, {["Id"] = "rbxassetid://7807831448", ["Name"] = "WalkAnim", ["Time"] = 0.59531099}}, ["DummyCFrame"] = CFrame.new(127.2675705, 440.75671387, 38.86777878, 0.99097949, 0, -0.1340138, 0, 1, 0, 0.1340138, 0, 0.99097949), ["Time"] = 0.11902547, ["DummyAnims"] = {}, ["PlayerCFrame"] = CFrame.new(118.86138153, 440.75439453, 38.76589584, -0.20404167, 8e-08, -0.97896218, 4e-08, 1, 8e-08, 0.97896218, -2e-08, -0.20404167)}, {["PlayerAnims"] = {{["Id"] = "rbxassetid://7815618175", ["Name"] = "Animation", ["Time"] = 0.2333319}, {["Id"] = "rbxassetid://7807831448", ["Name"] = "WalkAnim", ["Time"] = 0.60920924}}, ["DummyCFrame"] = CFrame.new(127.2675705, 440.75671387, 38.86777878, 0.99097949, 0, -0.1340138, 0, 1, 0, 0.1340138, 0, 0.99097949), ["Time"] = 0.1252234, ["DummyAnims"] = {}, ["PlayerCFrame"] = CFrame.new(119.06533051, 440.75439453, 38.80840683, -0.20404167, 1e-07, -0.97896218, 5e-08, 1, 9e-08, 0.97896218, -3e-08, -0.20404167)}, {["PlayerAnims"] = {{["Id"] = "rbxassetid://7815618175", ["Name"] = "Animation", ["Time"] = 0.23749857}, {["Id"] = "rbxassetid://7807831448", ["Name"] = "WalkAnim", ["Time"] = 0.61615837}}, ["DummyCFrame"] = CFrame.new(127.2675705, 440.75671387, 38.86777878, 0.99097949, 0, -0.1340138, 0, 1, 0, 0.1340138, 0, 0.99097949), ["Time"] = 0.1328454, ["DummyAnims"] = {}, ["PlayerCFrame"] = CFrame.new(119.16730499, 440.75439453, 38.82966232, -0.20490448, 1.1e-07, -0.978782, 5e-08, 1, 1e-07, 0.978782, -3e-08, -0.20490448)}, {["PlayerAnims"] = {{["Id"] = "rbxassetid://7815618175", ["Name"] = "Animation", ["Time"] = 0.24583191}, {["Id"] = "rbxassetid://7807831448", ["Name"] = "WalkAnim", ["Time"] = 0.63005662}}, ["DummyCFrame"] = CFrame.new(127.2675705, 440.75671387, 38.86777878, 0.99097949, 0, -0.1340138, 0, 1, 0, 0.1340138, 0, 0.99097949), ["Time"] = 0.13996792, ["DummyAnims"] = {}, ["PlayerCFrame"] = CFrame.new(119.37123108, 440.75439453, 38.87230301, -0.20662962, 9e-08, -0.97841924, 4e-08, 1, 9e-08, 0.97841924, -2e-08, -0.20662962)}, {["PlayerAnims"] = {{["Id"] = "rbxassetid://7815618175", ["Name"] = "Animation", ["Time"] = 0.25416523}, {["Id"] = "rbxassetid://7807831448", ["Name"] = "WalkAnim", ["Time"] = 0.64395487}}, ["DummyCFrame"] = CFrame.new(127.2675705, 440.75671387, 38.86777878, 0.99097949, 0, -0.1340138, 0, 1, 0, 0.1340138, 0, 0.99097949), ["Time"] = 0.1467731, ["DummyAnims"] = {}, ["PlayerCFrame"] = CFrame.new(119.5750885, 440.75439453, 38.91524887, -0.20662962, 8e-08, -0.97841924, 4e-08, 1, 7e-08, 0.97841924, -2e-08, -0.20662962)}, {["PlayerAnims"] = {{["Id"] = "rbxassetid://7815618175", ["Name"] = "Animation", ["Time"] = 0.26249856}, {["Id"] = "rbxassetid://7807831448", ["Name"] = "WalkAnim", ["Time"] = 0.65785313}}, ["DummyCFrame"] = CFrame.new(127.2675705, 440.75671387, 38.86777878, 0.99097949, 0, -0.1340138, 0, 1, 0, 0.1340138, 0, 0.99097949), ["Time"] = 0.1546495, ["DummyAnims"] = {}, ["PlayerCFrame"] = CFrame.new(119.77893066, 440.75439453, 38.95828247, -0.20749195, 6e-08, -0.97823673, 3e-08, 1, 6e-08, 0.97823673, -2e-08, -0.20749195)}, {["PlayerAnims"] = {{["Id"] = "rbxassetid://7815618175", ["Name"] = "Animation", ["Time"] = 0.27083188}, {["Id"] = "rbxassetid://7807831448", ["Name"] = "WalkAnim", ["Time"] = 0.00508469}}, ["DummyCFrame"] = CFrame.new(127.2675705, 440.75671387, 38.86777878, 0.99097949, 0, -0.1340138, 0, 1, 0, 0.1340138, 0, 0.99097949), ["Time"] = 0.1611259, ["DummyAnims"] = {}, ["PlayerCFrame"] = CFrame.new(119.98274231, 440.75439453, 39.00146103, -0.20749195, 5e-08, -0.97823673, 2e-08, 1, 4e-08, 0.97823673, -1e-08, -0.20749195)}, {["PlayerAnims"] = {{["Id"] = "rbxassetid://7815618175", ["Name"] = "Animation", ["Time"] = 0.27499855}, {["Id"] = "rbxassetid://7807831448", ["Name"] = "WalkAnim", ["Time"] = 0.01203382}}, ["DummyCFrame"] = CFrame.new(127.2675705, 440.75671387, 38.86777878, 0.99097949, 0, -0.1340138, 0, 1, 0, 0.1340138, 0, 0.99097949), ["Time"] = 0.1663835, ["DummyAnims"] = {}, ["PlayerCFrame"] = CFrame.new(120.0846405, 440.75439453, 39.02307129, -0.20749195, 4e-08, -0.97823673, 2e-08, 1, 3e-08, 0.97823673, -1e-08, -0.20749195)}, {["PlayerAnims"] = {{["Id"] = "rbxassetid://7815618175", ["Name"] = "Animation", ["Time"] = 0.27916521}, {["Id"] = "rbxassetid://7807831448", ["Name"] = "WalkAnim", ["Time"] = 0.01898295}}, ["DummyCFrame"] = CFrame.new(127.2675705, 440.75671387, 38.86777878, 0.99097949, 0, -0.1340138, 0, 1, 0, 0.1340138, 0, 0.99097949), ["Time"] = 0.17162657, ["DummyAnims"] = {}, ["PlayerCFrame"] = CFrame.new(120.1865387, 440.75439453, 39.04468155, -0.20749195, 3e-08, -0.97823673, 1e-08, 1, 3e-08, 0.97823673, -1e-08, -0.20749195)}, {["PlayerAnims"] = {{["Id"] = "rbxassetid://7815618175", ["Name"] = "Animation", ["Time"] = 0.28749853}, {["Id"] = "rbxassetid://7807831448", ["Name"] = "WalkAnim", ["Time"] = 0.0328812}}, ["DummyCFrame"] = CFrame.new(127.2675705, 440.75671387, 38.86777878, 0.99097949, 0, -0.1340138, 0, 1, 0, 0.1340138, 0, 0.99097949), ["Time"] = 0.17942119, ["DummyAnims"] = {}, ["PlayerCFrame"] = CFrame.new(120.39033508, 440.75439453, 39.0879097, -0.20749195, 1e-08, -0.97823673, 0.0, 1, 1e-08, 0.97823673, -0.0, -0.20749195)}, {["PlayerAnims"] = {{["Id"] = "rbxassetid://7815618175", ["Name"] = "Animation", ["Time"] = 0.2916652}, {["Id"] = "rbxassetid://7807831448", ["Name"] = "WalkAnim", ["Time"] = 0.03983033}}, ["DummyCFrame"] = CFrame.new(127.2675705, 440.75671387, 38.86777878, 0.99097949, 0, -0.1340138, 0, 1, 0, 0.1340138, 0, 0.99097949), ["Time"] = 0.18426895, ["DummyAnims"] = {}, ["PlayerCFrame"] = CFrame.new(120.49223328, 440.75439453, 39.10952377, -0.20749195, 1e-08, -0.97823673, 0.0, 1, 1e-08, 0.97823673, 0.0, -0.20749195)}, {["PlayerAnims"] = {{["Id"] = "rbxassetid://7815618175", ["Name"] = "Animation", ["Time"] = 0.29583186}, {["Id"] = "rbxassetid://7807831448", ["Name"] = "WalkAnim", ["Time"] = 0.04677945}}, ["DummyCFrame"] = CFrame.new(127.2675705, 440.75671387, 38.86777878, 0.99097949, 0, -0.1340138, 0, 1, 0, 0.1340138, 0, 0.99097949), ["Time"] = 0.18991089, ["DummyAnims"] = {}, ["PlayerCFrame"] = CFrame.new(120.59413147, 440.75439453, 39.13113785, -0.20749195, -0.0, -0.97823673, -0.0, 1, -0.0, 0.97823673, 0.0, -0.20749195)}, {["PlayerAnims"] = {{["Id"] = "rbxassetid://7815618175", ["Name"] = "Animation", ["Time"] = 0.30416518}, {["Id"] = "rbxassetid://7807831448", ["Name"] = "WalkAnim", ["Time"] = 0.06067771}}, ["DummyCFrame"] = CFrame.new(127.2675705, 440.75671387, 38.86777878, 0.99097949, 0, -0.1340138, 0, 1, 0, 0.1340138, 0, 0.99097949), ["Time"] = 0.19698834, ["DummyAnims"] = {}, ["PlayerCFrame"] = CFrame.new(120.79075623, 440.75439453, 39.13573837, -0.20749195, -2e-08, -0.97823673, -1e-08, 1, -2e-08, 0.97823673, 1e-08, -0.20749195)}, {["PlayerAnims"] = {{["Id"] = "rbxassetid://7815618175", ["Name"] = "Animation", ["Time"] = 0.31249851}, {["Id"] = "rbxassetid://7807831448", ["Name"] = "WalkAnim", ["Time"] = 0.07457596}}, ["DummyCFrame"] = CFrame.new(127.2675705, 440.75671387, 38.86777878, 0.99097949, 0, -0.1340138, 0, 1, 0, 0.1340138, 0, 0.99097949), ["Time"] = 0.20264506, ["DummyAnims"] = {}, ["PlayerCFrame"] = CFrame.new(120.97781372, 440.75439453, 39.08883667, -0.20749195, -3e-08, -0.97823673, -2e-08, 1, -3e-08, 0.97823673, 1e-08, -0.20749195)}, {["PlayerAnims"] = {{["Id"] = "rbxassetid://7815618175", ["Name"] = "Animation", ["Time"] = 0.31666517}, {["Id"] = "rbxassetid://7807831448", ["Name"] = "WalkAnim", ["Time"] = 0.08152509}}, ["DummyCFrame"] = CFrame.new(127.2675705, 440.75671387, 38.86777878, 0.99097949, 0, -0.1340138, 0, 1, 0, 0.1340138, 0, 0.99097949), ["Time"] = 0.20805621, ["DummyAnims"] = {}, ["PlayerCFrame"] = CFrame.new(121.06775665, 440.75100708, 39.04607391, -0.20749195, -4e-08, -0.97823673, -2e-08, 1, -4e-08, 0.97823673, 1e-08, -0.20749195)}, {["PlayerAnims"] = {{["Id"] = "rbxassetid://7815618175", ["Name"] = "Animation", ["Time"] = 0.32083184}, {["Id"] = "rbxassetid://7807831448", ["Name"] = "WalkAnim", ["Time"] = 0.08847421}}, ["DummyCFrame"] = CFrame.new(127.2675705, 440.75671387, 38.86777878, 0.99097949, 0, -0.1340138, 0, 1, 0, 0.1340138, 0, 0.99097949), ["Time"] = 0.212883, ["DummyAnims"] = {}, ["PlayerCFrame"] = CFrame.new(121.15606689, 440.74926758, 38.99455643, -0.20749195, -5e-08, -0.97823673, -3e-08, 1, -5e-08, 0.97823673, 2e-08, -0.20749195)}, {["PlayerAnims"] = {{["Id"] = "rbxassetid://7815618175", ["Name"] = "Animation", ["Time"] = 0.3249985}, {["Id"] = "rbxassetid://7807831448", ["Name"] = "WalkAnim", ["Time"] = 0.09542334}}, ["DummyCFrame"] = CFrame.new(127.2675705, 440.75671387, 38.86777878, 0.99097949, 0, -0.1340138, 0, 1, 0, 0.1340138, 0, 0.99097949), ["Time"] = 0.21822333, ["DummyAnims"] = {}, ["PlayerCFrame"] = CFrame.new(121.24376678, 440.74859619, 38.93975449, -0.20749195, -6e-08, -0.97823673, -3e-08, 1, -5e-08, 0.97823673, 2e-08, -0.20749195)}, {["PlayerAnims"] = {{["Id"] = "rbxassetid://7815618175", ["Name"] = "Animation", ["Time"] = 0.32916516}, {["Id"] = "rbxassetid://7807831448", ["Name"] = "WalkAnim", ["Time"] = 0.10237247}}, ["DummyCFrame"] = CFrame.new(127.2675705, 440.75671387, 38.86777878, 0.99097949, 0, -0.1340138, 0, 1, 0, 0.1340138, 0, 0.99097949), ["Time"] = 0.22304392, ["DummyAnims"] = {}, ["PlayerCFrame"] = CFrame.new(121.33123779, 440.7484436, 38.88372421, -0.20749195, -7e-08, -0.97823673, -3e-08, 1, -6e-08, 0.97823673, 2e-08, -0.20749195)}, {["PlayerAnims"] = {{["Id"] = "rbxassetid://7815618175", ["Name"] = "Animation", ["Time"] = 0.33749849}, {["Id"] = "rbxassetid://7807831448", ["Name"] = "WalkAnim", ["Time"] = 0.11627072}}, ["DummyCFrame"] = CFrame.new(127.2675705, 440.75671387, 38.86777878, 0.99097949, 0, -0.1340138, 0, 1, 0, 0.1340138, 0, 0.99097949), ["Time"] = 0.22902727, ["DummyAnims"] = {}, ["PlayerCFrame"] = CFrame.new(121.50598145, 440.74890137, 38.77056503, -0.20749195, -8e-08, -0.97823673, -4e-08, 1, -7e-08, 0.97823673, 3e-08, -0.20749195)}, {["PlayerAnims"] = {{["Id"] = "rbxassetid://7815618175", ["Name"] = "Animation", ["Time"] = 0.34166515}, {["Id"] = "rbxassetid://7807831448", ["Name"] = "WalkAnim", ["Time"] = 0.12321985}}, ["DummyCFrame"] = CFrame.new(127.2675705, 440.75671387, 38.86777878, 0.99097949, 0, -0.1340138, 0, 1, 0, 0.1340138, 0, 0.99097949), ["Time"] = 0.23384571, ["DummyAnims"] = {}, ["PlayerCFrame"] = CFrame.new(121.59332275, 440.74926758, 38.71383286, -0.20749195, -9e-08, -0.97823673, -5e-08, 1, -8e-08, 0.97823673, 3e-08, -0.20749195)}, {["PlayerAnims"] = {{["Id"] = "rbxassetid://7815618175", ["Name"] = "Animation", ["Time"] = 0.34583181}, {["Id"] = "rbxassetid://7807831448", ["Name"] = "WalkAnim", ["Time"] = 0.13040271}, {["Id"] = "http://www.roblox.com/asset/?id=125750702", ["Name"] = "JumpAnim", ["Time"] = 0.00416667}}, ["DummyCFrame"] = CFrame.new(127.2675705, 440.75671387, 38.86777878, 0.99097949, 0, -0.1340138, 0, 1, 0, 0.1340138, 0, 0.99097949), ["Time"] = 0.24326134, ["DummyAnims"] = {}, ["PlayerCFrame"] = CFrame.new(121.68066406, 440.96347046, 38.65710068, -0.20749195, -1e-07, -0.97823673, -5e-08, 1, -9e-08, 0.97823673, 3e-08, -0.20749195)}, {["PlayerAnims"] = {{["Id"] = "rbxassetid://7815618175", ["Name"] = "Animation", ["Time"] = 0.3583318}, {["Id"] = "rbxassetid://7807831448", ["Name"] = "WalkAnim", ["Time"] = 0.1519513}, {["Id"] = "http://www.roblox.com/asset/?id=125750702", ["Name"] = "JumpAnim", ["Time"] = 0.01666667}}, ["DummyCFrame"] = CFrame.new(127.2675705, 440.75671387, 38.86777878, 0.99097949, 0, -0.1340138, 0, 1, 0, 0.1340138, 0, 0.99097949), ["Time"] = 0.25049639, ["DummyAnims"] = {}, ["PlayerCFrame"] = CFrame.new(121.94268799, 441.58566284, 38.48690414, -0.20231569, -1.2e-07, -0.97932035, -6e-08, 1, -1.1e-07, 0.97932035, 4e-08, -0.20231569)}, {["PlayerAnims"] = {{["Id"] = "rbxassetid://7815618175", ["Name"] = "Animation", ["Time"] = 0.36249846}, {["Id"] = "rbxassetid://7807831448", ["Name"] = "WalkAnim", ["Time"] = 0.15913416}, {["Id"] = "http://www.roblox.com/asset/?id=125750702", ["Name"] = "JumpAnim", ["Time"] = 0.02083333}}, ["DummyCFrame"] = CFrame.new(127.2675705, 440.75671387, 38.86777878, 0.99097949, 0, -0.1340138, 0, 1, 0, 0.1340138, 0, 0.99097949), ["Time"] = 0.25668144, ["DummyAnims"] = {}, ["PlayerCFrame"] = CFrame.new(122.02983856, 441.78625488, 38.42985916, -0.18564661, -1.3e-07, -0.9826166, -6e-08, 1, -1.2e-07, 0.9826166, 4e-08, -0.18564661)}, {["PlayerAnims"] = {{["Id"] = "rbxassetid://7815618175", ["Name"] = "Animation", ["Time"] = 0.37083179}, {["Id"] = "rbxassetid://7807831448", ["Name"] = "WalkAnim", ["Time"] = 0.1734999}, {["Id"] = "http://www.roblox.com/asset/?id=125750702", ["Name"] = "JumpAnim", ["Time"] = 0.02916667}}, ["DummyCFrame"] = CFrame.new(127.2675705, 440.75671387, 38.86777878, 0.99097949, 0, -0.1340138, 0, 1, 0, 0.1340138, 0, 0.99097949), ["Time"] = 0.26350403, ["DummyAnims"] = {}, ["PlayerCFrame"] = CFrame.new(122.20344543, 442.17718506, 38.31469727, -0.14695317, -1.4e-07, -0.98914343, -7e-08, 1, -1.4e-07, 0.98914343, 5e-08, -0.14695317)}, {["PlayerAnims"] = {{["Id"] = "rbxassetid://7815618175", ["Name"] = "Animation", ["Time"] = 0.37916511}, {["Id"] = "rbxassetid://7807831448", ["Name"] = "WalkAnim", ["Time"] = 0.18786563}, {["Id"] = "http://www.roblox.com/asset/?id=125750702", ["Name"] = "JumpAnim", ["Time"] = 0.0375}}, ["DummyCFrame"] = CFrame.new(127.2675705, 440.75671387, 38.86777878, 0.99097949, 0, -0.1340138, 0, 1, 0, 0.1340138, 0, 0.99097949), ["Time"] = 0.27087831, ["DummyAnims"] = {}, ["PlayerCFrame"] = CFrame.new(122.3757782, 442.55450439, 38.19763184, -0.13077278, -1.5e-07, -0.99141234, -6e-08, 1, -1.4e-07, 0.99141234, 4e-08, -0.13077278)}, {["PlayerAnims"] = {{["Id"] = "rbxassetid://7815618175", ["Name"] = "Animation", ["Time"] = 0.38749844}, {["Id"] = "rbxassetid://7807831448", ["Name"] = "WalkAnim", ["Time"] = 0.20223136}, {["Id"] = "http://www.roblox.com/asset/?id=125750702", ["Name"] = "JumpAnim", ["Time"] = 0.04583333}, {["Id"] = "rbxassetid://10469493270", ["Name"] = "Animation", ["Time"] = 0.01}}, ["DummyCFrame"] = CFrame.new(127.2675705, 440.75671387, 38.86777878, 0.99097949, 0, -0.1340138, 0, 1, 0, 0.1340138, 0, 0.99097949), ["Time"] = 0.27786493, ["DummyAnims"] = {}, ["PlayerCFrame"] = CFrame.new(122.54170227, 442.91821289, 38.08438873, -0.10962854, -1.3e-07, -0.9939726, -5e-08, 1, -1.3e-07, 0.9939726, 3e-08, -0.10962854)}, {["PlayerAnims"] = {{["Id"] = "rbxassetid://7815618175", ["Name"] = "Animation", ["Time"] = 0.3916651}, {["Id"] = "rbxassetid://7807831448", ["Name"] = "WalkAnim", ["Time"] = 0.20941423}, {["Id"] = "http://www.roblox.com/asset/?id=125750702", ["Name"] = "JumpAnim", ["Time"] = 0.05}, {["Id"] = "rbxassetid://10469493270", ["Name"] = "Animation", ["Time"] = 0.015}}, ["DummyCFrame"] = CFrame.new(127.2675705, 440.75671387, 38.86777878, 0.99097949, 0, -0.1340138, 0, 1, 0, 0.1340138, 0, 0.99097949), ["Time"] = 0.28410625, ["DummyAnims"] = {}, ["PlayerCFrame"] = CFrame.new(122.62150574, 443.09494019, 38.02973557, -0.11129485, -1.2e-07, -0.99378741, -4e-08, 1, -1.2e-07, 0.99378741, 3e-08, -0.11129485)}, {["PlayerAnims"] = {{["Id"] = "rbxassetid://7815618175", ["Name"] = "Animation", ["Time"] = 0.39999843}, {["Id"] = "rbxassetid://7807831448", ["Name"] = "WalkAnim", ["Time"] = 0.22377996}, {["Id"] = "http://www.roblox.com/asset/?id=125750702", ["Name"] = "JumpAnim", ["Time"] = 0.05833333}, {["Id"] = "rbxassetid://10469493270", ["Name"] = "Animation", ["Time"] = 0.025}}, ["DummyCFrame"] = CFrame.new(127.2675705, 440.75671387, 38.86777878, 0.99097949, 0, -0.1340138, 0, 1, 0, 0.1340138, 0, 0.99097949), ["Time"] = 0.29190135, ["DummyAnims"] = {}, ["PlayerCFrame"] = CFrame.new(122.77455139, 443.4382019, 37.92396545, -0.07078069, -1.1e-07, -0.9974919, -3e-08, 1, -1e-07, 0.9974919, 2e-08, -0.07078069)}, {["PlayerAnims"] = {{["Id"] = "rbxassetid://7815618175", ["Name"] = "Animation", ["Time"] = 0.40416509}, {["Id"] = "rbxassetid://7807831448", ["Name"] = "WalkAnim", ["Time"] = 0.23096283}, {["Id"] = "http://www.roblox.com/asset/?id=125750702", ["Name"] = "JumpAnim", ["Time"] = 0.0625}, {["Id"] = "rbxassetid://10469493270", ["Name"] = "Animation", ["Time"] = 0.03}}, ["DummyCFrame"] = CFrame.new(127.2675705, 440.75671387, 38.86777878, 0.99097949, 0, -0.1340138, 0, 1, 0, 0.1340138, 0, 0.99097949), ["Time"] = 0.29747915, ["DummyAnims"] = {}, ["PlayerCFrame"] = CFrame.new(122.84775543, 443.60473633, 37.87276077, -0.09235942, -1e-07, -0.99572575, -2e-08, 1, -1e-07, 0.99572575, 1e-08, -0.09235942)}, {["PlayerAnims"] = {{["Id"] = "rbxassetid://7815618175", ["Name"] = "Animation", ["Time"] = 0.41249841}, {["Id"] = "rbxassetid://7807831448", ["Name"] = "WalkAnim", ["Time"] = 0.24532856}, {["Id"] = "http://www.roblox.com/asset/?id=125750702", ["Name"] = "JumpAnim", ["Time"] = 0.07083333}, {["Id"] = "rbxassetid://10469493270", ["Name"] = "Animation", ["Time"] = 0.04}}, ["DummyCFrame"] = CFrame.new(127.2675705, 440.75671387, 38.86777878, 0.99097949, 0, -0.1340138, 0, 1, 0, 0.1340138, 0, 0.99097949), ["Time"] = 0.30323291, ["DummyAnims"] = {}, ["PlayerCFrame"] = CFrame.new(122.98743439, 443.92755127, 37.77356339, -0.06115495, -8e-08, -0.99812829, -1e-08, 1, -8e-08, 0.99812829, 0.0, -0.06115495)}, {["PlayerAnims"] = {{["Id"] = "rbxassetid://7815618175", ["Name"] = "Animation", ["Time"] = 0.41666508}, {["Id"] = "rbxassetid://7807831448", ["Name"] = "WalkAnim", ["Time"] = 0.25251141}, {["Id"] = "http://www.roblox.com/asset/?id=125750702", ["Name"] = "JumpAnim", ["Time"] = 0.075}, {["Id"] = "rbxassetid://10469493270", ["Name"] = "Animation", ["Time"] = 0.045}}, ["DummyCFrame"] = CFrame.new(127.2675705, 440.75671387, 38.86777878, 0.99097949, 0, -0.1340138, 0, 1, 0, 0.1340138, 0, 0.99097949), ["Time"] = 0.30986452, ["DummyAnims"] = {}, ["PlayerCFrame"] = CFrame.new(123.05389404, 444.0838623, 37.72552872, -0.0824858, -7e-08, -0.99659222, -0.0, 1, -7e-08, 0.99659222, -0.0, -0.0824858)}, {["PlayerAnims"] = {{["Id"] = "rbxassetid://7815618175", ["Name"] = "Animation", ["Time"] = 0.42083174}, {["Id"] = "rbxassetid://7807831448", ["Name"] = "WalkAnim", ["Time"] = 0.25969428}, {["Id"] = "http://www.roblox.com/asset/?id=125750702", ["Name"] = "JumpAnim", ["Time"] = 0.07916667}, {["Id"] = "rbxassetid://10469493270", ["Name"] = "Animation", ["Time"] = 0.05}}, ["DummyCFrame"] = CFrame.new(127.2675705, 440.75671387, 38.86777878, 0.99097949, 0, -0.1340138, 0, 1, 0, 0.1340138, 0, 0.99097949), ["Time"] = 0.31437397, ["DummyAnims"] = {}, ["PlayerCFrame"] = CFrame.new(123.11808014, 444.23675537, 37.67848206, -0.08239672, -6e-08, -0.99659961, 1e-08, 1, -6e-08, 0.99659961, -1e-08, -0.08239672)}, {["PlayerAnims"] = {{["Id"] = "rbxassetid://7815618175", ["Name"] = "Animation", ["Time"] = 0.42916507}, {["Id"] = "rbxassetid://7807831448", ["Name"] = "WalkAnim", ["Time"] = 0.27406001}, {["Id"] = "http://www.roblox.com/asset/?id=125750702", ["Name"] = "JumpAnim", ["Time"] = 0.08750001}, {["Id"] = "rbxassetid://10469493270", ["Name"] = "Animation", ["Time"] = 0.06}}, ["DummyCFrame"] = CFrame.new(127.2675705, 440.75671387, 38.86777878, 0.99097949, 0, -0.1340138, 0, 1, 0, 0.1340138, 0, 0.99097949), ["Time"] = 0.31967878, ["DummyAnims"] = {}, ["PlayerCFrame"] = CFrame.new(123.23960876, 444.53231812, 37.58734512, -0.05628437, -5e-08, -0.99841475, 2e-08, 1, -5e-08, 0.99841475, -2e-08, -0.05628437)}, {["PlayerAnims"] = {{["Id"] = "rbxassetid://7815618175", ["Name"] = "Animation", ["Time"] = 0.43333173}, {["Id"] = "rbxassetid://7807831448", ["Name"] = "WalkAnim", ["Time"] = 0.28124288}, {["Id"] = "http://www.roblox.com/asset/?id=125750702", ["Name"] = "JumpAnim", ["Time"] = 0.09166668}, {["Id"] = "rbxassetid://10469493270", ["Name"] = "Animation", ["Time"] = 0.06500001}}, ["DummyCFrame"] = CFrame.new(127.2675705, 440.75671387, 38.86777878, 0.99097949, 0, -0.1340138, 0, 1, 0, 0.1340138, 0, 0.99097949), ["Time"] = 0.32505155, ["DummyAnims"] = {}, ["PlayerCFrame"] = CFrame.new(123.29695892, 444.67498779, 37.54325867, -0.08229683, -4e-08, -0.99660784, 2e-08, 1, -4e-08, 0.99660784, -3e-08, -0.08229683)}, {["PlayerAnims"] = {{["Id"] = "rbxassetid://7815618175", ["Name"] = "Animation", ["Time"] = 0.43749839}, {["Id"] = "rbxassetid://7807831448", ["Name"] = "WalkAnim", ["Time"] = 0.28842574}, {["Id"] = "http://www.roblox.com/asset/?id=125750702", ["Name"] = "JumpAnim", ["Time"] = 0.09583335}, {["Id"] = "rbxassetid://10469493270", ["Name"] = "Animation", ["Time"] = 0.07000001}}, ["DummyCFrame"] = CFrame.new(127.2675705, 440.75671387, 38.86777878, 0.99097949, 0, -0.1340138, 0, 1, 0, 0.1340138, 0, 0.99097949), ["Time"] = 0.33078051, ["DummyAnims"] = {}, ["PlayerCFrame"] = CFrame.new(123.35202789, 444.81427002, 37.5001564, -0.08228657, -3e-08, -0.99660873, 3e-08, 1, -3e-08, 0.99660873, -3e-08, -0.08228657)}, {["PlayerAnims"] = {{["Id"] = "rbxassetid://7815618175", ["Name"] = "Animation", ["Time"] = 0.44583172}, {["Id"] = "rbxassetid://7807831448", ["Name"] = "WalkAnim", ["Time"] = 0.30279148}, {["Id"] = "http://www.roblox.com/asset/?id=125750702", ["Name"] = "JumpAnim", ["Time"] = 0.10416668}, {["Id"] = "rbxassetid://10469493270", ["Name"] = "Animation", ["Time"] = 0.08000001}}, ["DummyCFrame"] = CFrame.new(127.2675705, 440.75671387, 38.86777878, 0.99097949, 0, -0.1340138, 0, 1, 0, 0.1340138, 0, 0.99097949), ["Time"] = 0.33655953, ["DummyAnims"] = {}, ["PlayerCFrame"] = CFrame.new(123.45756531, 445.08258057, 37.41595078, -0.05618244, -1e-08, -0.99842054, 4e-08, 1, -2e-08, 0.99842054, -4e-08, -0.05618244)}, {["PlayerAnims"] = {{["Id"] = "rbxassetid://7815618175", ["Name"] = "Animation", ["Time"] = 0.44999838}, {["Id"] = "http://www.roblox.com/asset/?id=125750702", ["Name"] = "JumpAnim", ["Time"] = 0.10833335}, {["Id"] = "rbxassetid://10469493270", ["Name"] = "Animation", ["Time"] = 0.08500001}}, ["DummyCFrame"] = CFrame.new(127.2675705, 440.75671387, 38.86777878, 0.99097949, 0, -0.1340138, 0, 1, 0, 0.1340138, 0, 0.99097949), ["Time"] = 0.34305954, ["DummyAnims"] = {}, ["PlayerCFrame"] = CFrame.new(123.50969696, 445.2116394, 37.37412262, -0.08227505, -0.0, -0.99660969, 5e-08, 1, -1e-08, 0.99660969, -5e-08, -0.08227505)}, {["PlayerAnims"] = {{["Id"] = "rbxassetid://7815618175", ["Name"] = "Animation", ["Time"] = 0.4583317}, {["Id"] = "http://www.roblox.com/asset/?id=125750702", ["Name"] = "JumpAnim", ["Time"] = 0.11666668}, {["Id"] = "rbxassetid://10469493270", ["Name"] = "Animation", ["Time"] = 0.09500001}}, ["DummyCFrame"] = CFrame.new(127.2675705, 440.75671387, 38.86777878, 0.99097949, 0, -0.1340138, 0, 1, 0, 0.1340138, 0, 0.99097949), ["Time"] = 0.34895945, ["DummyAnims"] = {}, ["PlayerCFrame"] = CFrame.new(123.61372375, 445.45953369, 37.29057312, -0.05617177, 1e-08, -0.99842113, 6e-08, 1, 1e-08, 0.99842113, -6e-08, -0.05617177)}, {["PlayerAnims"] = {{["Id"] = "rbxassetid://7815618175", ["Name"] = "Animation", ["Time"] = 0.46249837}, {["Id"] = "http://www.roblox.com/asset/?id=125750702", ["Name"] = "JumpAnim", ["Time"] = 0.12083335}, {["Id"] = "rbxassetid://10469493270", ["Name"] = "Animation", ["Time"] = 0.10000001}}, ["DummyCFrame"] = CFrame.new(127.2675705, 440.75671387, 38.86777878, 0.99097949, 0, -0.1340138, 0, 1, 0, 0.1340138, 0, 0.99097949), ["Time"] = 0.35495567, ["DummyAnims"] = {}, ["PlayerCFrame"] = CFrame.new(123.66570282, 445.57836914, 37.24881363, -0.08227267, 3e-08, -0.99660987, 6e-08, 1, 2e-08, 0.99660987, -6e-08, -0.08227267)}, {["PlayerAnims"] = {{["Id"] = "rbxassetid://7815618175", ["Name"] = "Animation", ["Time"] = 0.47083169}, {["Id"] = "http://www.roblox.com/asset/?id=125750702", ["Name"] = "JumpAnim", ["Time"] = 0.12916669}, {["Id"] = "rbxassetid://10469493270", ["Name"] = "Animation", ["Time"] = 0.11000001}}, ["DummyCFrame"] = CFrame.new(127.2675705, 440.75671387, 38.86777878, 0.99097949, 0, -0.1340138, 0, 1, 0, 0.1340138, 0, 0.99097949), ["Time"] = 0.36267734, ["DummyAnims"] = {}, ["PlayerCFrame"] = CFrame.new(123.76964569, 445.80581665, 37.16529846, -0.05616964, 4e-08, -0.99842125, 8e-08, 1, 4e-08, 0.99842125, -7e-08, -0.05616964)}, {["PlayerAnims"] = {{["Id"] = "rbxassetid://7815618175", ["Name"] = "Animation", ["Time"] = 0.47499835}, {["Id"] = "http://www.roblox.com/asset/?id=125750702", ["Name"] = "JumpAnim", ["Time"] = 0.13333336}, {["Id"] = "rbxassetid://10469493270", ["Name"] = "Animation", ["Time"] = 0.11500001}}, ["DummyCFrame"] = CFrame.new(127.2675705, 440.75671387, 38.86777878, 0.99097949, 0, -0.1340138, 0, 1, 0, 0.1340138, 0, 0.99097949), ["Time"] = 0.36683965, ["DummyAnims"] = {}, ["PlayerCFrame"] = CFrame.new(123.82161713, 445.91442871, 37.12354279, -0.08227223, 6e-08, -0.99660987, 8e-08, 1, 5e-08, 0.99660987, -8e-08, -0.08227223)}, {["PlayerAnims"] = {{["Id"] = "rbxassetid://7815618175", ["Name"] = "Animation", ["Time"] = 0.47916502}, {["Id"] = "http://www.roblox.com/asset/?id=125750702", ["Name"] = "JumpAnim", ["Time"] = 0.13750002}, {["Id"] = "rbxassetid://10469493270", ["Name"] = "Animation", ["Time"] = 0.12000001}}, ["DummyCFrame"] = CFrame.new(127.2675705, 440.75671387, 38.86777878, 0.99097949, 0, -0.1340138, 0, 1, 0, 0.1340138, 0, 0.99097949), ["Time"] = 0.37258315, ["DummyAnims"] = {}, ["PlayerCFrame"] = CFrame.new(123.87358856, 446.0196228, 37.08178711, -0.08227221, 7e-08, -0.99660987, 9e-08, 1, 6e-08, 0.99660987, -8e-08, -0.08227221)}, {["PlayerAnims"] = {{["Id"] = "http://www.roblox.com/asset/?id=125750702", ["Name"] = "JumpAnim", ["Time"] = 0.14583336}, {["Id"] = "rbxassetid://10469493270", ["Name"] = "Animation", ["Time"] = 0.13000001}}, ["DummyCFrame"] = CFrame.new(127.2675705, 440.75671387, 38.86777878, 0.99097949, 0, -0.1340138, 0, 1, 0, 0.1340138, 0, 0.99097949), ["Time"] = 0.37751889, ["DummyAnims"] = {}, ["PlayerCFrame"] = CFrame.new(123.97753143, 446.21981812, 36.99827576, -0.05616919, 8e-08, -0.99842125, 1e-07, 1, 8e-08, 0.99842125, -9e-08, -0.05616919)}, {["PlayerAnims"] = {{["Id"] = "http://www.roblox.com/asset/?id=125750702", ["Name"] = "JumpAnim", ["Time"] = 0.15000002}, {["Id"] = "rbxassetid://10469493270", ["Name"] = "Animation", ["Time"] = 0.13500001}}, ["DummyCFrame"] = CFrame.new(127.2675705, 440.75671387, 38.86777878, 0.99097949, 0, -0.1340138, 0, 1, 0, 0.1340138, 0, 0.99097949), ["Time"] = 0.38351345, ["DummyAnims"] = {}, ["PlayerCFrame"] = CFrame.new(124.02950287, 446.31481934, 36.95652008, -0.08227216, 1e-07, -0.99660993, 1e-07, 1, 9e-08, 0.99660993, -9e-08, -0.08227216)}, {["PlayerAnims"] = {{["Id"] = "http://www.roblox.com/asset/?id=125750702", ["Name"] = "JumpAnim", ["Time"] = 0.15833336}, {["Id"] = "rbxassetid://10469493270", ["Name"] = "Animation", ["Time"] = 0.14500001}}, ["DummyCFrame"] = CFrame.new(127.2675705, 440.75671387, 38.86777878, 0.99097949, 0, -0.1340138, 0, 1, 0, 0.1340138, 0, 0.99097949), ["Time"] = 0.39040542, ["DummyAnims"] = {}, ["PlayerCFrame"] = CFrame.new(124.13344574, 446.49456787, 36.87300873, -0.05616909, 1.2e-07, -0.99842125, 1.1e-07, 1, 1.1e-07, 0.99842125, -1.1e-07, -0.05616909)}, {["PlayerAnims"] = {{["Id"] = "http://www.roblox.com/asset/?id=125750702", ["Name"] = "JumpAnim", ["Time"] = 0.16250002}, {["Id"] = "rbxassetid://10469493270", ["Name"] = "Animation", ["Time"] = 0.15000001}}, ["DummyCFrame"] = CFrame.new(127.2675705, 440.75671387, 38.86777878, 0.99097949, 0, -0.1340138, 0, 1, 0, 0.1340138, 0, 0.99097949), ["Time"] = 0.39544392, ["DummyAnims"] = {}, ["PlayerCFrame"] = CFrame.new(124.18541718, 446.5793457, 36.83125305, -0.08227218, 1.2e-07, -0.99660993, 1e-07, 1, 1.1e-07, 0.99660993, -1e-07, -0.08227218)}, {["PlayerAnims"] = {{["Id"] = "http://www.roblox.com/asset/?id=125750702", ["Name"] = "JumpAnim", ["Time"] = 0.16666669}, {["Id"] = "rbxassetid://10469493270", ["Name"] = "Animation", ["Time"] = 0.155}}, ["DummyCFrame"] = CFrame.new(127.2675705, 440.75671387, 38.86777878, 0.99097949, 0, -0.1340138, 0, 1, 0, 0.1340138, 0, 0.99097949), ["Time"] = 0.40085196, ["DummyAnims"] = {}, ["PlayerCFrame"] = CFrame.new(124.23738861, 446.66070557, 36.78949738, -0.0822721, 1.1e-07, -0.99660993, 1e-07, 1, 1.1e-07, 0.99660993, -9e-08, -0.0822721)}, {["PlayerAnims"] = {{["Id"] = "http://www.roblox.com/asset/?id=125750702", ["Name"] = "JumpAnim", ["Time"] = 0.17083335}, {["Id"] = "rbxassetid://10469493270", ["Name"] = "Animation", ["Time"] = 0.16}}, ["DummyCFrame"] = CFrame.new(127.2675705, 440.75671387, 38.86777878, 0.99097949, 0, -0.1340138, 0, 1, 0, 0.1340138, 0, 0.99097949), ["Time"] = 0.40672708, ["DummyAnims"] = {}, ["PlayerCFrame"] = CFrame.new(124.28936005, 446.73867798, 36.7477417, -0.08227213, 1.1e-07, -0.99660993, 9e-08, 1, 1e-07, 0.99660993, -8e-08, -0.08227213)}, {["PlayerAnims"] = {{["Id"] = "http://www.roblox.com/asset/?id=125750702", ["Name"] = "JumpAnim", ["Time"] = 0.17916669}, {["Id"] = "rbxassetid://10469493270", ["Name"] = "Animation", ["Time"] = 0.17}}, ["DummyCFrame"] = CFrame.new(127.2675705, 440.75671387, 38.86777878, 0.99097949, 0, -0.1340138, 0, 1, 0, 0.1340138, 0, 0.99097949), ["Time"] = 0.41128922, ["DummyAnims"] = {}, ["PlayerCFrame"] = CFrame.new(124.39330292, 446.8843689, 36.66423035, -0.05616916, 1e-07, -0.99842125, 7e-08, 1, 1e-07, 0.99842125, -7e-08, -0.05616916)}, {["PlayerAnims"] = {{["Id"] = "http://www.roblox.com/asset/?id=125750702", ["Name"] = "JumpAnim", ["Time"] = 0.18333335}, {["Id"] = "rbxassetid://10469493270", ["Name"] = "Animation", ["Time"] = 0.175}}, ["DummyCFrame"] = CFrame.new(127.2675705, 440.75671387, 38.86777878, 0.99097949, 0, -0.1340138, 0, 1, 0, 0.1340138, 0, 0.99097949), ["Time"] = 0.41662121, ["DummyAnims"] = {}, ["PlayerCFrame"] = CFrame.new(124.44527435, 446.95211792, 36.62247467, -0.08227213, 1e-07, -0.99660993, 7e-08, 1, 9e-08, 0.99660993, -6e-08, -0.08227213)}, {["PlayerAnims"] = {{["Id"] = "http://www.roblox.com/asset/?id=125750702", ["Name"] = "JumpAnim", ["Time"] = 0.18750001}, {["Id"] = "rbxassetid://10469493270", ["Name"] = "Animation", ["Time"] = 0.17999999}}, ["DummyCFrame"] = CFrame.new(127.2675705, 440.75671387, 38.86777878, 0.99097949, 0, -0.1340138, 0, 1, 0, 0.1340138, 0, 0.99097949), ["Time"] = 0.42176771, ["DummyAnims"] = {}, ["PlayerCFrame"] = CFrame.new(124.49724579, 447.01644897, 36.58071899, -0.08227216, 1e-07, -0.99660993, 6e-08, 1, 9e-08, 0.99660993, -5e-08, -0.08227216)}, {["PlayerAnims"] = {{["Id"] = "http://www.roblox.com/asset/?id=125750702", ["Name"] = "JumpAnim", ["Time"] = 0.19166668}, {["Id"] = "rbxassetid://10469493270", ["Name"] = "Animation", ["Time"] = 0.18499999}}, ["DummyCFrame"] = CFrame.new(127.2675705, 440.75671387, 38.86777878, 0.99097949, 0, -0.1340138, 0, 1, 0, 0.1340138, 0, 0.99097949), ["Time"] = 0.42695713, ["DummyAnims"] = {}, ["PlayerCFrame"] = CFrame.new(124.54921722, 447.07736206, 36.53896332, -0.08227208, 9e-08, -0.99660993, 5e-08, 1, 9e-08, 0.99660993, -4e-08, -0.08227208)}, {["PlayerAnims"] = {{["Id"] = "http://www.roblox.com/asset/?id=125750702", ["Name"] = "JumpAnim", ["Time"] = 0.20000002}, {["Id"] = "rbxassetid://10469493270", ["Name"] = "Animation", ["Time"] = 0.19499999}}, ["DummyCFrame"] = CFrame.new(127.2675705, 440.75671387, 38.86777878, 0.99097949, 0, -0.1340138, 0, 1, 0, 0.1340138, 0, 0.99097949), ["Time"] = 0.43367934, ["DummyAnims"] = {}, ["PlayerCFrame"] = CFrame.new(124.6531601, 447.18899536, 36.45545197, -0.05616911, 8e-08, -0.99842125, 4e-08, 1, 8e-08, 0.99842125, -3e-08, -0.05616911)}, {["PlayerAnims"] = {{["Id"] = "http://www.roblox.com/asset/?id=125750702", ["Name"] = "JumpAnim", ["Time"] = 0.20833336}, {["Id"] = "rbxassetid://10469493270", ["Name"] = "Animation", ["Time"] = 0.205}}, ["DummyCFrame"] = CFrame.new(127.2675705, 440.75671387, 38.86777878, 0.99097949, 0, -0.1340138, 0, 1, 0, 0.1340138, 0, 0.99097949), ["Time"] = 0.44057822, ["DummyAnims"] = {}, ["PlayerCFrame"] = CFrame.new(124.75056458, 447.28701782, 36.36835861, -0.04848056, 7e-08, -0.99882412, 2e-08, 1, 7e-08, 0.99882412, -2e-08, -0.04848056)}, {["PlayerAnims"] = {{["Id"] = "http://www.roblox.com/asset/?id=125750702", ["Name"] = "JumpAnim", ["Time"] = 0.21250002}, {["Id"] = "rbxassetid://10469493270", ["Name"] = "Animation", ["Time"] = 0.20999999}}, ["DummyCFrame"] = CFrame.new(127.2675705, 440.75671387, 38.86777878, 0.99097949, 0, -0.1340138, 0, 1, 0, 0.1340138, 0, 0.99097949), ["Time"] = 0.44644713, ["DummyAnims"] = {}, ["PlayerCFrame"] = CFrame.new(124.79600525, 447.3309021, 36.32302475, -0.0765581, 7e-08, -0.99706513, 1e-08, 1, 7e-08, 0.99706513, -1e-08, -0.0765581)}, {["PlayerAnims"] = {{["Id"] = "http://www.roblox.com/asset/?id=125750702", ["Name"] = "JumpAnim", ["Time"] = 0.22083336}, {["Id"] = "rbxassetid://10469493270", ["Name"] = "Animation", ["Time"] = 0.22}}, ["DummyCFrame"] = CFrame.new(127.27277374, 440.75674438, 38.8683815, 0.99097949, 0, -0.1340138, 0, 1, 0, 0.1340138, 0, 0.99097949), ["Time"] = 0.45317006, ["DummyAnims"] = {}, ["PlayerCFrame"] = CFrame.new(124.88034821, 447.40847778, 36.22877502, -0.04319444, 6e-08, -0.99906671, -0.0, 1, 6e-08, 0.99906671, 1e-08, -0.04319444)}, {["PlayerAnims"] = {{["Id"] = "http://www.roblox.com/asset/?id=125750702", ["Name"] = "JumpAnim", ["Time"] = 0.22500002}, {["Id"] = "rbxassetid://10469493270", ["Name"] = "Animation", ["Time"] = 0.22499999}}, ["DummyCFrame"] = CFrame.new(127.27277374, 440.75674438, 38.8683815, 0.99097949, 0, -0.1340138, 0, 1, 0, 0.1340138, 0, 0.99097949), ["Time"] = 0.46047688, ["DummyAnims"] = {{["Id"] = "rbxassetid://10473654583", ["Name"] = "Animation", ["Time"] = 0.00416667}}, ["PlayerCFrame"] = CFrame.new(124.92977905, 447.41256714, 36.23316193, -0.07542485, 6e-08, -0.99715149, -1e-08, 1, 6e-08, 0.99715149, 1e-08, -0.07542485)}, {["PlayerAnims"] = {{["Id"] = "http://www.roblox.com/asset/?id=125750702", ["Name"] = "JumpAnim", ["Time"] = 0.23333336}, {["Id"] = "rbxassetid://10469493270", ["Name"] = "Animation", ["Time"] = 0.235}}, ["DummyCFrame"] = CFrame.new(127.27575684, 440.75671387, 38.86872482, 0.99097949, 0, -0.1340138, 0, 1, 0, 0.1340138, 0, 0.99097949), ["Time"] = 0.46677685, ["DummyAnims"] = {{["Id"] = "rbxassetid://10473654583", ["Name"] = "Animation", ["Time"] = 0.0125}}, ["PlayerCFrame"] = CFrame.new(125.03170013, 447.41201782, 36.24705124, -0.0421462, 5e-08, -0.99911147, -3e-08, 1, 5e-08, 0.99911147, 3e-08, -0.0421462)}, {["PlayerAnims"] = {{["Id"] = "http://www.roblox.com/asset/?id=125750702", ["Name"] = "JumpAnim", ["Time"] = 0.23750003}, {["Id"] = "rbxassetid://10469493270", ["Name"] = "Animation", ["Time"] = 0.23999999}}, ["DummyCFrame"] = CFrame.new(127.27575684, 440.75671387, 38.86872482, 0.99097949, 0, -0.1340138, 0, 1, 0, 0.1340138, 0, 0.99097949), 