return {["StartTime"] = 1759538573.2248912, ["Frames"] = {{["PlayerAnims"] = {{["Id"] = "rbxassetid://7815618175", ["Name"] = "Animation", ["Time"] = 0.17499833}, {["Id"] = "rbxassetid://7807831448", ["Name"] = "WalkAnim", ["Time"] = 0.4186911}}, ["DummyCFrame"] = CFrame.new(157.92428589, 440.75671387, 41.71157455, 0.56928325, 0, -0.82214153, 0, 1, 0, 0.82214153, 0, 0.56928325), ["Time"] = 0.02194548, ["DummyAnims"] = {}, ["PlayerCFrame"] = CFrame.new(155.90142822, 440.75439453, 28.18452644, -0.99995255, 4e-08, -0.00973956, 4e-08, 1, 5e-08, 0.00973956, 5e-08, -0.99995255)}, {["PlayerAnims"] = {{["Id"] = "rbxassetid://7815618175", ["Name"] = "Animation", ["Time"] = 0.18333167}, {["Id"] = "rbxassetid://7807831448", ["Name"] = "WalkAnim", ["Time"] = 0.43270919}}, ["DummyCFrame"] = CFrame.new(157.92428589, 440.75671387, 41.71157455, 0.56928325, 0, -0.82214153, 0, 1, 0, 0.82214153, 0, 0.56928325), ["Time"] = 0.02574325, ["DummyAnims"] = {}, ["PlayerCFrame"] = CFrame.new(155.90344238, 440.75439453, 28.39285088, -0.99995255, 4e-08, -0.00973956, 4e-08, 1, 7e-08, 0.00973956, 7e-08, -0.99995255)}, {["PlayerAnims"] = {{["Id"] = "rbxassetid://7815618175", ["Name"] = "Animation", ["Time"] = 0.18749833}, {["Id"] = "rbxassetid://7807831448", ["Name"] = "WalkAnim", ["Time"] = 0.43971822}}, ["DummyCFrame"] = CFrame.new(157.92428589, 440.75671387, 41.71157455, 0.56928325, 0, -0.82214153, 0, 1, 0, 0.82214153, 0, 0.56928325), ["Time"] = 0.02984548, ["DummyAnims"] = {}, ["PlayerCFrame"] = CFrame.new(155.90444946, 440.75439453, 28.49701309, -0.99995255, 5e-08, -0.00973956, 5e-08, 1, 8e-08, 0.00973956, 8e-08, -0.99995255)}, {["PlayerAnims"] = {{["Id"] = "rbxassetid://7815618175", ["Name"] = "Animation", ["Time"] = 0.19166499}, {["Id"] = "rbxassetid://7807831448", ["Name"] = "WalkAnim", ["Time"] = 0.44672725}}, ["DummyCFrame"] = CFrame.new(157.92428589, 440.75671387, 41.71157455, 0.56928325, 0, -0.82214153, 0, 1, 0, 0.82214153, 0, 0.56928325), ["Time"] = 0.03357244, ["DummyAnims"] = {}, ["PlayerCFrame"] = CFrame.new(155.90545654, 440.75439453, 28.60117531, -0.99995255, 5e-08, -0.00973956, 5e-08, 1, 8e-08, 0.00973956, 8e-08, -0.99995255)}, {["PlayerAnims"] = {{["Id"] = "rbxassetid://7815618175", ["Name"] = "Animation", ["Time"] = 0.19583166}, {["Id"] = "rbxassetid://7807831448", ["Name"] = "WalkAnim", ["Time"] = 0.45373628}}, ["DummyCFrame"] = CFrame.new(157.92428589, 440.75671387, 41.71157455, 0.56928325, 0, -0.82214153, 0, 1, 0, 0.82214153, 0, 0.56928325), ["Time"] = 0.03891611, ["DummyAnims"] = {}, ["PlayerCFrame"] = CFrame.new(155.90646362, 440.75439453, 28.70533752, -0.99995255, 6e-08, -0.00973956, 5e-08, 1, 9e-08, 0.00973956, 9e-08, -0.99995255)}, {["PlayerAnims"] = {{["Id"] = "rbxassetid://7815618175", ["Name"] = "Animation", ["Time"] = 0.19999832}, {["Id"] = "rbxassetid://7807831448", ["Name"] = "WalkAnim", ["Time"] = 0.4607453}}, ["DummyCFrame"] = CFrame.new(157.92428589, 440.75671387, 41.71157455, 0.56928325, 0, -0.82214153, 0, 1, 0, 0.82214153, 0, 0.56928325), ["Time"] = 0.04223156, ["DummyAnims"] = {}, ["PlayerCFrame"] = CFrame.new(155.9074707, 440.75439453, 28.80949974, -0.99995255, 6e-08, -0.00973956, 6e-08, 1, 1e-07, 0.00973956, 1e-07, -0.99995255)}, {["PlayerAnims"] = {{["Id"] = "rbxassetid://7815618175", ["Name"] = "Animation", ["Time"] = 0.20416498}, {["Id"] = "rbxassetid://7807831448", ["Name"] = "WalkAnim", ["Time"] = 0.46775433}}, ["DummyCFrame"] = CFrame.new(157.92428589, 440.75671387, 41.71157455, 0.56928325, 0, -0.82214153, 0, 1, 0, 0.82214153, 0, 0.56928325), ["Time"] = 0.04679418, ["DummyAnims"] = {}, ["PlayerCFrame"] = CFrame.new(155.90847778, 440.75439453, 28.91366196, -0.99995255, 5e-08, -0.00973956, 5e-08, 1, 9e-08, 0.00973956, 9e-08, -0.99995255)}, {["PlayerAnims"] = {{["Id"] = "rbxassetid://7815618175", ["Name"] = "Animation", ["Time"] = 0.20833164}, {["Id"] = "rbxassetid://7807831448", ["Name"] = "WalkAnim", ["Time"] = 0.47476336}}, ["DummyCFrame"] = CFrame.new(157.92428589, 440.75671387, 41.71157455, 0.56928325, 0, -0.82214153, 0, 1, 0, 0.82214153, 0, 0.56928325), ["Time"] = 0.05128717, ["DummyAnims"] = {}, ["PlayerCFrame"] = CFrame.new(155.90948486, 440.75439453, 29.01782417, -0.99995255, 5e-08, -0.00973956, 5e-08, 1, 8e-08, 0.00973956, 8e-08, -0.99995255)}, {["PlayerAnims"] = {{["Id"] = "rbxassetid://7815618175", ["Name"] = "Animation", ["Time"] = 0.21249831}, {["Id"] = "rbxassetid://7807831448", ["Name"] = "WalkAnim", ["Time"] = 0.48177239}}, ["DummyCFrame"] = CFrame.new(157.92428589, 440.75671387, 41.71157455, 0.56928325, 0, -0.82214153, 0, 1, 0, 0.82214153, 0, 0.56928325), ["Time"] = 0.05469751, ["DummyAnims"] = {}, ["PlayerCFrame"] = CFrame.new(155.91049194, 440.75439453, 29.12198639, -0.99995255, 4e-08, -0.00973956, 4e-08, 1, 8e-08, 0.00973956, 8e-08, -0.99995255)}, {["PlayerAnims"] = {{["Id"] = "rbxassetid://7815618175", ["Name"] = "Animation", ["Time"] = 0.21666497}, {["Id"] = "rbxassetid://7807831448", ["Name"] = "WalkAnim", ["Time"] = 0.48878142}}, ["DummyCFrame"] = CFrame.new(157.92428589, 440.75671387, 41.71157455, 0.56928325, 0, -0.82214153, 0, 1, 0, 0.82214153, 0, 0.56928325), ["Time"] = 0.05840635, ["DummyAnims"] = {}, ["PlayerCFrame"] = CFrame.new(155.91149902, 440.75439453, 29.22614861, -0.99995255, 4e-08, -0.00973956, 4e-08, 1, 7e-08, 0.00973956, 7e-08, -0.99995255)}, {["PlayerAnims"] = {{["Id"] = "rbxassetid://7815618175", ["Name"] = "Animation", ["Time"] = 0.22083163}, {["Id"] = "rbxassetid://7807831448", ["Name"] = "WalkAnim", ["Time"] = 0.49579045}}, ["DummyCFrame"] = CFrame.new(157.92428589, 440.75671387, 41.71157455, 0.56928325, 0, -0.82214153, 0, 1, 0, 0.82214153, 0, 0.56928325), ["Time"] = 0.06240082, ["DummyAnims"] = {}, ["PlayerCFrame"] = CFrame.new(155.9125061, 440.75439453, 29.33031082, -0.99995255, 3e-08, -0.00973956, 3e-08, 1, 6e-08, 0.00973956, 6e-08, -0.99995255)}, {["PlayerAnims"] = {{["Id"] = "rbxassetid://7815618175", ["Name"] = "Animation", ["Time"] = 0.2249983}, {["Id"] = "rbxassetid://7807831448", ["Name"] = "WalkAnim", ["Time"] = 0.50279951}}, ["DummyCFrame"] = CFrame.new(157.92428589, 440.75671387, 41.71157455, 0.56928325, 0, -0.82214153, 0, 1, 0, 0.82214153, 0, 0.56928325), ["Time"] = 0.06660461, ["DummyAnims"] = {}, ["PlayerCFrame"] = CFrame.new(155.91351318, 440.75100708, 29.43447304, -0.99995255, 3e-08, -0.00973956, 3e-08, 1, 5e-08, 0.00973956, 5e-08, -0.99995255)}, {["PlayerAnims"] = {{["Id"] = "rbxassetid://7815618175", ["Name"] = "Animation", ["Time"] = 0.22916496}, {["Id"] = "rbxassetid://7807831448", ["Name"] = "WalkAnim", ["Time"] = 0.50980854}}, ["DummyCFrame"] = CFrame.new(157.92428589, 440.75671387, 41.71157455, 0.56928325, 0, -0.82214153, 0, 1, 0, 0.82214153, 0, 0.56928325), ["Time"] = 0.07244921, ["DummyAnims"] = {}, ["PlayerCFrame"] = CFrame.new(155.91452026, 440.74926758, 29.53863525, -0.99995255, 2e-08, -0.00973956, 2e-08, 1, 5e-08, 0.00973956, 5e-08, -0.99995255)}, {["PlayerAnims"] = {{["Id"] = "rbxassetid://7815618175", ["Name"] = "Animation", ["Time"] = 0.23333162}, {["Id"] = "rbxassetid://7807831448", ["Name"] = "WalkAnim", ["Time"] = 0.51681757}}, ["DummyCFrame"] = CFrame.new(157.92428589, 440.75671387, 41.71157455, 0.56928325, 0, -0.82214153, 0, 1, 0, 0.82214153, 0, 0.56928325), ["Time"] = 0.07657266, ["DummyAnims"] = {}, ["PlayerCFrame"] = CFrame.new(155.91552734, 440.74859619, 29.64279747, -0.99995255, 2e-08, -0.00973956, 2e-08, 1, 4e-08, 0.00973956, 4e-08, -0.99995255)}, {["PlayerAnims"] = {{["Id"] = "rbxassetid://7815618175", ["Name"] = "Animation", ["Time"] = 0.23749828}, {["Id"] = "rbxassetid://7807831448", ["Name"] = "WalkAnim", ["Time"] = 0.5238266}}, ["DummyCFrame"] = CFrame.new(157.92428589, 440.75671387, 41.71157455, 0.56928325, 0, -0.82214153, 0, 1, 0, 0.82214153, 0, 0.56928325), ["Time"] = 0.08009982, ["DummyAnims"] = {}, ["PlayerCFrame"] = CFrame.new(155.91653442, 440.7484436, 29.74695969, -0.99995255, 1e-08, -0.00973956, 1e-08, 1, 3e-08, 0.00973956, 3e-08, -0.99995255)}, {["PlayerAnims"] = {{["Id"] = "rbxassetid://7815618175", ["Name"] = "Animation", ["Time"] = 0.24166495}, {["Id"] = "rbxassetid://7807831448", ["Name"] = "WalkAnim", ["Time"] = 0.53083563}}, ["DummyCFrame"] = CFrame.new(157.92428589, 440.75671387, 41.71157455, 0.56928325, 0, -0.82214153, 0, 1, 0, 0.82214153, 0, 0.56928325), ["Time"] = 0.08352304, ["DummyAnims"] = {}, ["PlayerCFrame"] = CFrame.new(155.9175415, 440.74859619, 29.8511219, -0.99995255, 1e-08, -0.00973956, 1e-08, 1, 2e-08, 0.00973956, 2e-08, -0.99995255)}, {["PlayerAnims"] = {{["Id"] = "rbxassetid://7815618175", ["Name"] = "Animation", ["Time"] = 0.24583161}, {["Id"] = "rbxassetid://7807831448", ["Name"] = "WalkAnim", ["Time"] = 0.53784466}}, ["DummyCFrame"] = CFrame.new(157.92428589, 440.75671387, 41.71157455, 0.56928325, 0, -0.82214153, 0, 1, 0, 0.82214153, 0, 0.56928325), ["Time"] = 0.09009552, ["DummyAnims"] = {}, ["PlayerCFrame"] = CFrame.new(155.91854858, 440.74890137, 29.95528412, -0.99995255, 1e-08, -0.00973956, 0.0, 1, 2e-08, 0.00973956, 2e-08, -0.99995255)}, {["PlayerAnims"] = {{["Id"] = "rbxassetid://7815618175", ["Name"] = "Animation", ["Time"] = 0.24999827}, {["Id"] = "rbxassetid://7807831448", ["Name"] = "WalkAnim", ["Time"] = 0.54485369}}, ["DummyCFrame"] = CFrame.new(157.92428589, 440.75671387, 41.71157455, 0.56928325, 0, -0.82214153, 0, 1, 0, 0.82214153, 0, 0.56928325), ["Time"] = 0.09323192, ["DummyAnims"] = {}, ["PlayerCFrame"] = CFrame.new(155.91955566, 440.74935913, 30.05944633, -0.99995255, 0.0, -0.00973956, 0.0, 1, 1e-08, 0.00973956, 1e-08, -0.99995255)}, {["PlayerAnims"] = {{["Id"] = "rbxassetid://7815618175", ["Name"] = "Animation", ["Time"] = 0.25416493}, {["Id"] = "rbxassetid://7807831448", ["Name"] = "WalkAnim", ["Time"] = 0.55186272}}, ["DummyCFrame"] = CFrame.new(157.92428589, 440.75671387, 41.71157455, 0.56928325, 0, -0.82214153, 0, 1, 0, 0.82214153, 0, 0.56928325), ["Time"] = 0.09656167, ["DummyAnims"] = {}, ["PlayerCFrame"] = CFrame.new(155.92056274, 440.74978638, 30.16360855, -0.99995255, -0.0, -0.00973956, -0.0, 1, -0.0, 0.00973956, -0.0, -0.99995255)}, {["PlayerAnims"] = {{["Id"] = "rbxassetid://7815618175", ["Name"] = "Animation", ["Time"] = 0.2583316}, {["Id"] = "rbxassetid://7807831448", ["Name"] = "WalkAnim", ["Time"] = 0.55887175}}, ["DummyCFrame"] = CFrame.new(157.92428589, 440.75671387, 41.71157455, 0.56928325, 0, -0.82214153, 0, 1, 0, 0.82214153, 0, 0.56928325), ["Time"] = 0.10048842, ["DummyAnims"] = {}, ["PlayerCFrame"] = CFrame.new(155.92156982, 440.75018311, 30.26777077, -0.99995255, -1e-08, -0.00973956, -1e-08, 1, -1e-08, 0.00973956, -1e-08, -0.99995255)}, {["PlayerAnims"] = {{["Id"] = "rbxassetid://7815618175", ["Name"] = "Animation", ["Time"] = 0.26249826}, {["Id"] = "rbxassetid://7807831448", ["Name"] = "WalkAnim", ["Time"] = 0.56588078}}, ["DummyCFrame"] = CFrame.new(157.92428589, 440.75671387, 41.71157455, 0.56928325, 0, -0.82214153, 0, 1, 0, 0.82214153, 0, 0.56928325), ["Time"] = 0.10376048, ["DummyAnims"] = {}, ["PlayerCFrame"] = CFrame.new(155.9225769, 440.7505188, 30.37193298, -0.99995255, -1e-08, -0.00973956, -1e-08, 1, -2e-08, 0.00973956, -2e-08, -0.99995255)}, {["PlayerAnims"] = {{["Id"] = "rbxassetid://7815618175", ["Name"] = "Animation", ["Time"] = 0.26666492}, {["Id"] = "rbxassetid://7807831448", ["Name"] = "WalkAnim", ["Time"] = 0.5728898}}, ["DummyCFrame"] = CFrame.new(157.92428589, 440.75671387, 41.71157455, 0.56928325, 0, -0.82214153, 0, 1, 0, 0.82214153, 0, 0.56928325), ["Time"] = 0.10943103, ["DummyAnims"] = {}, ["PlayerCFrame"] = CFrame.new(155.92358398, 440.75091553, 30.4760952, -0.99995255, -2e-08, -0.00973956, -2e-08, 1, -2e-08, 0.00973956, -2e-08, -0.99995255)}, {["PlayerAnims"] = {{["Id"] = "rbxassetid://7815618175", ["Name"] = "Animation", ["Time"] = 0.27083158}, {["Id"] = "rbxassetid://7807831448", ["Name"] = "WalkAnim", ["Time"] = 0.57989883}}, ["DummyCFrame"] = CFrame.new(157.92428589, 440.75671387, 41.71157455, 0.56928325, 0, -0.82214153, 0, 1, 0, 0.82214153, 0, 0.56928325), ["Time"] = 0.11413646, ["DummyAnims"] = {}, ["PlayerCFrame"] = CFrame.new(155.92459106, 440.7512207, 30.58025742, -0.99995255, -2e-08, -0.00973956, -2e-08, 1, -3e-08, 0.00973956, -3e-08, -0.99995255)}, {["PlayerAnims"] = {{["Id"] = "rbxassetid://7815618175", ["Name"] = "Animation", ["Time"] = 0.27499825}, {["Id"] = "rbxassetid://7807831448", ["Name"] = "WalkAnim", ["Time"] = 0.58690786}}, ["DummyCFrame"] = CFrame.new(157.92428589, 440.75671387, 41.71157455, 0.56928325, 0, -0.82214153, 0, 1, 0, 0.82214153, 0, 0.56928325), ["Time"] = 0.11918044, ["DummyAnims"] = {}, ["PlayerCFrame"] = CFrame.new(155.92559814, 440.75146484, 30.68441963, -0.99995255, -3e-08, -0.00973956, -3e-08, 1, -4e-08, 0.00973956, -4e-08, -0.99995255)}, {["PlayerAnims"] = {{["Id"] = "rbxassetid://7815618175", ["Name"] = "Animation", ["Time"] = 0.27916491}, {["Id"] = "rbxassetid://7807831448", ["Name"] = "WalkAnim", ["Time"] = 0.59391689}}, ["DummyCFrame"] = CFrame.new(157.92428589, 440.75671387, 41.71157455, 0.56928325, 0, -0.82214153, 0, 1, 0, 0.82214153, 0, 0.56928325), ["Time"] = 0.12347269, ["DummyAnims"] = {}, ["PlayerCFrame"] = CFrame.new(155.92660522, 440.75167847, 30.78858185, -0.99995255, -3e-08, -0.00973956, -3e-08, 1, -5e-08, 0.00973956, -5e-08, -0.99995255)}, {["PlayerAnims"] = {{["Id"] = "rbxassetid://7815618175", ["Name"] = "Animation", ["Time"] = 0.28333157}, {["Id"] = "rbxassetid://7807831448", ["Name"] = "WalkAnim", ["Time"] = 0.60092592}}, ["DummyCFrame"] = CFrame.new(157.92428589, 440.75671387, 41.71157455, 0.56928325, 0, -0.82214153, 0, 1, 0, 0.82214153, 0, 0.56928325), ["Time"] = 0.12703371, ["DummyAnims"] = {}, ["PlayerCFrame"] = CFrame.new(155.9276123, 440.75192261, 30.89274406, -0.99995255, -4e-08, -0.00973956, -4e-08, 1, -5e-08, 0.00973956, -5e-08, -0.99995255)}, {["PlayerAnims"] = {{["Id"] = "rbxassetid://7815618175", ["Name"] = "Animation", ["Time"] = 0.28749824}, {["Id"] = "rbxassetid://7807831448", ["Name"] = "WalkAnim", ["Time"] = 0.60793495}}, ["DummyCFrame"] = CFrame.new(157.92428589, 440.75671387, 41.71157455, 0.56928325, 0, -0.82214153, 0, 1, 0, 0.82214153, 0, 0.56928325), ["Time"] = 0.13059807, ["DummyAnims"] = {}, ["PlayerCFrame"] = CFrame.new(155.92861938, 440.75210571, 30.99690628, -0.99995255, -4e-08, -0.00973956, -4e-08, 1, -6e-08, 0.00973956, -6e-08, -0.99995255)}, {["PlayerAnims"] = {{["Id"] = "rbxassetid://7815618175", ["Name"] = "Animation", ["Time"] = 0.2916649}, {["Id"] = "rbxassetid://7807831448", ["Name"] = "WalkAnim", ["Time"] = 0.61494398}}, ["DummyCFrame"] = CFrame.new(157.92428589, 440.75671387, 41.71157455, 0.56928325, 0, -0.82214153, 0, 1, 0, 0.82214153, 0, 0.56928325), ["Time"] = 0.13395619, ["DummyAnims"] = {}, ["PlayerCFrame"] = CFrame.new(155.92962646, 440.75222778, 31.1010685, -0.99995255, -5e-08, -0.00973956, -5e-08, 1, -7e-08, 0.00973956, -7e-08, -0.99995255)}, {["PlayerAnims"] = {{["Id"] = "rbxassetid://7815618175", ["Name"] = "Animation", ["Time"] = 0.29583156}, {["Id"] = "rbxassetid://7807831448", ["Name"] = "WalkAnim", ["Time"] = 0.62195301}}, ["DummyCFrame"] = CFrame.new(157.92428589, 440.75671387, 41.71157455, 0.56928325, 0, -0.82214153, 0, 1, 0, 0.82214153, 0, 0.56928325), ["Time"] = 0.13754845, ["DummyAnims"] = {}, ["PlayerCFrame"] = CFrame.new(155.93063354, 440.75241089, 31.20523071, -0.99995255, -5e-08, -0.00973956, -5e-08, 1, -8e-08, 0.00973956, -8e-08, -0.99995255)}, {["PlayerAnims"] = {{["Id"] = "rbxassetid://7815618175", ["Name"] = "Animation", ["Time"] = 0.29999822}, {["Id"] = "rbxassetid://7807831448", ["Name"] = "WalkAnim", ["Time"] = 0.62896204}}, ["DummyCFrame"] = CFrame.new(157.92428589, 440.75671387, 41.71157455, 0.56928325, 0, -0.82214153, 0, 1, 0, 0.82214153, 0, 0.56928325), ["Time"] = 0.14171886, ["DummyAnims"] = {}, ["PlayerCFrame"] = CFrame.new(155.93164062, 440.75262451, 31.30939293, -0.99995255, -6e-08, -0.00973956, -6e-08, 1, -8e-08, 0.00973956, -8e-08, -0.99995255)}, {["PlayerAnims"] = {{["Id"] = "rbxassetid://7815618175", ["Name"] = "Animation", ["Time"] = 0.30416489}, {["Id"] = "rbxassetid://7807831448", ["Name"] = "WalkAnim", ["Time"] = 0.63597107}}, ["DummyCFrame"] = CFrame.new(157.92428589, 440.75671387, 41.71157455, 0.56928325, 0, -0.82214153, 0, 1, 0, 0.82214153, 0, 0.56928325), ["Time"] = 0.1461575, ["DummyAnims"] = {}, ["PlayerCFrame"] = CFrame.new(155.93264771, 440.75283813, 31.41355515, -0.99995255, -6e-08, -0.00973956, -6e-08, 1, -9e-08, 0.00973956, -9e-08, -0.99995255)}, {["PlayerAnims"] = {{["Id"] = "rbxassetid://7815618175", ["Name"] = "Animation", ["Time"] = 0.30833155}, {["Id"] = "rbxassetid://7807831448", ["Name"] = "WalkAnim", ["Time"] = 0.6429801}}, ["DummyCFrame"] = CFrame.new(157.92428589, 440.75671387, 41.71157455, 0.56928325, 0, -0.82214153, 0, 1, 0, 0.82214153, 0, 0.56928325), ["Time"] = 0.14986062, ["DummyAnims"] = {}, ["PlayerCFrame"] = CFrame.new(155.93365479, 440.75305176, 31.51771736, -0.99995255, -7e-08, -0.00973956, -7e-08, 1, -1e-07, 0.00973956, -1e-07, -0.99995255)}, {["PlayerAnims"] = {{["Id"] = "rbxassetid://7815618175", ["Name"] = "Animation", ["Time"] = 0.31249821}, {["Id"] = "rbxassetid://7807831448", ["Name"] = "WalkAnim", ["Time"] = 0.64998913}}, ["DummyCFrame"] = CFrame.new(157.92428589, 440.75671387, 41.71157455, 0.56928325, 0, -0.82214153, 0, 1, 0, 0.82214153, 0, 0.56928325), ["Time"] = 0.15426826, ["DummyAnims"] = {}, ["PlayerCFrame"] = CFrame.new(155.93466187, 440.75323486, 31.62187958, -0.99995255, -6e-08, -0.00973956, -6e-08, 1, -9e-08, 0.00973956, -9e-08, -0.99995255)}, {["PlayerAnims"] = {{["Id"] = "rbxassetid://7815618175", ["Name"] = "Animation", ["Time"] = 0.31666487}, {["Id"] = "rbxassetid://7807831448", ["Name"] = "WalkAnim", ["Time"] = 0.65699816}}, ["DummyCFrame"] = CFrame.new(157.92428589, 440.75671387, 41.71157455, 0.56928325, 0, -0.82214153, 0, 1, 0, 0.82214153, 0, 0.56928325), ["Time"] = 0.15964603, ["DummyAnims"] = {}, ["PlayerCFrame"] = CFrame.new(155.93566895, 440.75338745, 31.72604179, -0.99995255, -6e-08, -0.00973956, -6e-08, 1, -8e-08, 0.00973956, -8e-08, -0.99995255)}, {["PlayerAnims"] = {{["Id"] = "rbxassetid://7815618175", ["Name"] = "Animation", ["Time"] = 0.32083154}, {["Id"] = "rbxassetid://7807831448", ["Name"] = "WalkAnim", ["Time"] = 0.66400719}}, ["DummyCFrame"] = CFrame.new(157.92428589, 440.75671387, 41.71157455, 0.56928325, 0, -0.82214153, 0, 1, 0, 0.82214153, 0, 0.56928325), ["Time"] = 0.1628139, ["DummyAnims"] = {}, ["PlayerCFrame"] = CFrame.new(155.93667603, 440.75354004, 31.83020401, -0.99995255, -5e-08, -0.00973956, -5e-08, 1, -8e-08, 0.00973956, -8e-08, -0.99995255)}, {["PlayerAnims"] = {{["Id"] = "rbxassetid://7815618175", ["Name"] = "Animation", ["Time"] = 0.3249982}, {["Id"] = "rbxassetid://7807831448", ["Name"] = "WalkAnim", ["Time"] = 0.00434953}}, ["DummyCFrame"] = CFrame.new(157.92428589, 440.75671387, 41.71157455, 0.56928325, 0, -0.82214153, 0, 1, 0, 0.82214153, 0, 0.56928325), ["Time"] = 0.16960716, ["DummyAnims"] = {}, ["PlayerCFrame"] = CFrame.new(155.93768311, 440.75366211, 31.93436623, -0.99994361, -5e-08, -0.01062095, -5e-08, 1, -7e-08, 0.01062095, -7e-08, -0.99994361)}, {["PlayerAnims"] = {{["Id"] = "rbxassetid://7815618175", ["Name"] = "Animation", ["Time"] = 0.33749819}, {["Id"] = "rbxassetid://7807831448", ["Name"] = "WalkAnim", ["Time"] = 0.02537665}}, ["DummyCFrame"] = CFrame.new(157.92428589, 440.75671387, 41.71157455, 0.56928325, 0, -0.82214153, 0, 1, 0, 0.82214153, 0, 0.56928325), ["Time"] = 0.18264818, ["DummyAnims"] = {}, ["PlayerCFrame"] = CFrame.new(155.94094849, 440.75396729, 32.24684906, -0.99994361, -3e-08, -0.01062095, -3e-08, 1, -5e-08, 0.01062095, -5e-08, -0.99994361)}, {["PlayerAnims"] = {{["Id"] = "rbxassetid://7815618175", ["Name"] = "Animation", ["Time"] = 0.34999818}, {["Id"] = "rbxassetid://7807831448", ["Name"] = "WalkAnim", ["Time"] = 0.04640376}}, ["DummyCFrame"] = CFrame.new(157.92428589, 440.75671387, 41.71157455, 0.56928325, 0, -0.82214153, 0, 1, 0, 0.82214153, 0, 0.56928325), ["Time"] = 0.19225478, ["DummyAnims"] = {}, ["PlayerCFrame"] = CFrame.new(155.94424438, 440.75415039, 32.55932999, -0.99988711, -1e-08, -0.01502751, -1e-08, 1, -2e-08, 0.01502751, -2e-08, -0.99988711)}, {["PlayerAnims"] = {{["Id"] = "rbxassetid://7815618175", ["Name"] = "Animation", ["Time"] = 0.3583315}, {["Id"] = "rbxassetid://7807831448", ["Name"] = "WalkAnim", ["Time"] = 0.06042184}}, ["DummyCFrame"] = CFrame.new(157.92428589, 440.75671387, 41.71157455, 0.56928325, 0, -0.82214153, 0, 1, 0, 0.82214153, 0, 0.56928325), ["Time"] = 0.20045567, ["DummyAnims"] = {}, ["PlayerCFrame"] = CFrame.new(155.9471283, 440.75424194, 32.76764297, -0.99977535, -0.0, -0.0211958, -0.0, 1, -1e-08, 0.0211958, -1e-08, -0.99977535)}, {["PlayerAnims"] = {{["Id"] = "rbxassetid://7815618175", ["Name"] = "Animation", ["Time"] = 0.36666483}, {["Id"] = "rbxassetid://7807831448", ["Name"] = "WalkAnim", ["Time"] = 0.07443991}}, ["DummyCFrame"] = CFrame.new(157.92428589, 440.75671387, 41.71157455, 0.56928325, 0, -0.82214153, 0, 1, 0, 0.82214153, 0, 0.56928325), ["Time"] = 0.20920515, ["DummyAnims"] = {}, ["PlayerCFrame"] = CFrame.new(155.95117188, 440.75430298, 32.97593689, -0.99962556, 1e-08, -0.02736377, 1e-08, 1, 1e-08, 0.02736377, 1e-08, -0.99962556)}, {["PlayerAnims"] = {{["Id"] = "rbxassetid://7815618175", ["Name"] = "Animation", ["Time"] = 0.37083149}, {["Id"] = "rbxassetid://7807831448", ["Name"] = "WalkAnim", ["Time"] = 0.08144895}}, ["DummyCFrame"] = CFrame.new(157.92428589, 440.75671387, 41.71157455, 0.56928325, 0, -0.82214153, 0, 1, 0, 0.82214153, 0, 0.56928325), ["Time"] = 0.21601796, ["DummyAnims"] = {}, ["PlayerCFrame"] = CFrame.new(155.95375061, 440.7543335, 33.0800705, -0.99940771, 1e-08, -0.0344121, 1e-08, 1, 2e-08, 0.0344121, 2e-08, -0.99940771)}, {["PlayerAnims"] = {{["Id"] = "rbxassetid://7815618175", ["Name"] = "Animation", ["Time"] = 0.38333148}, {["Id"] = "rbxassetid://7807831448", ["Name"] = "WalkAnim", ["Time"] = 0.10247607}}, ["DummyCFrame"] = CFrame.new(157.92428589, 440.75671387, 41.71157455, 0.56928325, 0, -0.82214153, 0, 1, 0, 0.82214153, 0, 0.56928325), ["Time"] = 0.22769284, ["DummyAnims"] = {}, ["PlayerCFrame"] = CFrame.new(155.88801575, 440.75439453, 33.36456299, -0.99859965, 3e-08, -0.0529031, 3e-08, 1, 4e-08, 0.0529031, 4e-08, -0.99859965)}, {["PlayerAnims"] = {{["Id"] = "rbxassetid://7815618175", ["Name"] = "Animation", ["Time"] = 0.39583147}, {["Id"] = "rbxassetid://7807831448", ["Name"] = "WalkAnim", ["Time"] = 0.12242707}}, ["DummyCFrame"] = CFrame.new(157.92428589, 440.75671387, 41.71157455, 0.56928325, 0, -0.82214153, 0, 1, 0, 0.82214153, 0, 0.56928325), ["Time"] = 0.23902678, ["DummyAnims"] = {}, ["PlayerCFrame"] = CFrame.new(155.71714783, 440.75439453, 33.61057281, -0.99763471, 5e-08, -0.06873865, 4e-08, 1, 6e-08, 0.06873865, 6e-08, -0.99763471)}, {["PlayerAnims"] = {{["Id"] = "rbxassetid://7815618175", ["Name"] = "Animation", ["Time"] = 0.40416479}, {["Id"] = "rbxassetid://7807831448", ["Name"] = "WalkAnim", ["Time"] = 0.13657998}}, ["DummyCFrame"] = CFrame.new(157.92428589, 440.75671387, 41.71157455, 0.56928325, 0, -0.82214153, 0, 1, 0, 0.82214153, 0, 0.56928325), ["Time"] = 0.24783015, ["DummyAnims"] = {}, ["PlayerCFrame"] = CFrame.new(155.58177185, 440.75439453, 33.76785278, -0.99579769, 6e-08, -0.09158049, 5e-08, 1, 8e-08, 0.09158049, 7e-08, -0.99579769)}, {["PlayerAnims"] = {{["Id"] = "rbxassetid://7815618175", ["Name"] = "Animation", ["Time"] = 0.41249812}, {["Id"] = "rbxassetid://7807831448", ["Name"] = "WalkAnim", ["Time"] = 0.15073287}}, ["DummyCFrame"] = CFrame.new(157.92428589, 440.75671387, 41.71157455, 0.56928325, 0, -0.82214153, 0, 1, 0, 0.82214153, 0, 0.56928325), ["Time"] = 0.25624204, ["DummyAnims"] = {}, ["PlayerCFrame"] = CFrame.new(155.4478302, 440.75439453, 33.92726898, -0.99292409, 7e-08, -0.11875087, 6e-08, 1, 1e-07, 0.11875087, 9e-08, -0.99292409)}, {["PlayerAnims"] = {{["Id"] = "rbxassetid://7815618175", ["Name"] = "Animation", ["Time"] = 0.4249981}, {["Id"] = "rbxassetid://7807831448", ["Name"] = "WalkAnim", ["Time"] = 0.17196223}}, ["DummyCFrame"] = CFrame.new(157.92428589, 440.75671387, 41.71157455, 0.56928325, 0, -0.82214153, 0, 1, 0, 0.82214153, 0, 0.56928325), ["Time"] = 0.2658217, ["DummyAnims"] = {}, ["PlayerCFrame"] = CFrame.new(155.2532959, 440.75439453, 34.17177582, -0.98969138, 6e-08, -0.14321654, 5e-08, 1, 7e-08, 0.14321654, 7e-08, -0.98969138)}, {["PlayerAnims"] = {{["Id"] = "rbxassetid://7815618175", ["Name"] = "Animation", ["Time"] = 0.43333143}, {["Id"] = "rbxassetid://7807831448", ["Name"] = "WalkAnim", ["Time"] = 0.18611515}}, ["DummyCFrame"] = CFrame.new(157.92428589, 440.75671387, 41.71157455, 0.56928325, 0, -0.82214153, 0, 1, 0, 0.82214153, 0, 0.56928325), ["Time"] = 0.27407694, ["DummyAnims"] = {}, ["PlayerCFrame"] = CFrame.new(155.12748718, 440.75439453, 34.3378067, -0.98540938, 5e-08, -0.17020082, 4e-08, 1, 6e-08, 0.17020082, 5e-08, -0.98540938)}, {["PlayerAnims"] = {{["Id"] = "rbxassetid://7815618175", ["Name"] = "Animation", ["Time"] = 0.44166476}, {["Id"] = "rbxassetid://7807831448", ["Name"] = "WalkAnim", ["Time"] = 0.20026806}}, ["DummyCFrame"] = CFrame.new(157.92428589, 440.75671387, 41.71157455, 0.56928325, 0, -0.82214153, 0, 1, 0, 0.82214153, 0, 0.56928325), ["Time"] = 0.28220582, ["DummyAnims"] = {}, ["PlayerCFrame"] = CFrame.new(155.00605774, 440.75439453, 34.507061, -0.98125076, 4e-08, -0.19273542, 3e-08, 1, 5e-08, 0.19273542, 4e-08, -0.98125076)}, {["PlayerAnims"] = {{["Id"] = "rbxassetid://7815618175", ["Name"] = "Animation", ["Time"] = 0.44999808}, {["Id"] = "rbxassetid://7807831448", ["Name"] = "WalkAnim", ["Time"] = 0.21442097}}, ["DummyCFrame"] = CFrame.new(157.92428589, 440.75671387, 41.71157455, 0.56928325, 0, -0.82214153, 0, 1, 0, 0.82214153, 0, 0.56928325), ["Time"] = 0.29060459, ["DummyAnims"] = {}, ["PlayerCFrame"] = CFrame.new(154.88868713, 440.75439453, 34.6791687, -0.97676599, 3e-08, -0.21430862, 2e-08, 1, 3e-08, 0.21430862, 3e-08, -0.97676599)}, {["PlayerAnims"] = {{["Id"] = "rbxassetid://7815618175", ["Name"] = "Animation", ["Time"] = 0.45416474}, {["Id"] = "rbxassetid://7807831448", ["Name"] = "WalkAnim", ["Time"] = 0.22149743}}, ["DummyCFrame"] = CFrame.new(157.92428589, 440.75671387, 41.71157455, 0.56928325, 0, -0.82214153, 0, 1, 0, 0.82214153, 0, 0.56928325), ["Time"] = 0.29572916, ["DummyAnims"] = {}, ["PlayerCFrame"] = CFrame.new(154.8316803, 440.75439453, 34.76634216, -0.97075844, 2e-08, -0.24005838, 1e-08, 1, 3e-08, 0.24005838, 2e-08, -0.97075844)}, {["PlayerAnims"] = {{["Id"] = "rbxassetid://7815618175", ["Name"] = "Animation", ["Time"] = 0.45833141}, {["Id"] = "rbxassetid://7807831448", ["Name"] = "WalkAnim", ["Time"] = 0.22857389}}, ["DummyCFrame"] = CFrame.new(157.92428589, 440.75671387, 41.71157455, 0.56928325, 0, -0.82214153, 0, 1, 0, 0.82214153, 0, 0.56928325), ["Time"] = 0.30115724, ["DummyAnims"] = {}, ["PlayerCFrame"] = CFrame.new(154.77667236, 440.75439453, 34.85477448, -0.96500295, 2e-08, -0.26223892, 1e-08, 1, 2e-08, 0.26223892, 2e-08, -0.96500295)}, {["PlayerAnims"] = {{["Id"] = "rbxassetid://7815618175", ["Name"] = "Animation", ["Time"] = 0.46249807}, {["Id"] = "rbxassetid://7807831448", ["Name"] = "WalkAnim", ["Time"] = 0.23565035}}, ["DummyCFrame"] = CFrame.new(157.92428589, 440.75671387, 41.71157455, 0.56928325, 0, -0.82214153, 0, 1, 0, 0.82214153, 0, 0.56928325), ["Time"] = 0.30555487, ["DummyAnims"] = {}, ["PlayerCFrame"] = CFrame.new(154.72369385, 440.75439453, 34.9444313, -0.95722377, 1e-08, -0.2893486, 1e-08, 1, 1e-08, 0.2893486, 1e-08, -0.95722377)}, {["PlayerAnims"] = {{["Id"] = "rbxassetid://7815618175", ["Name"] = "Animation", ["Time"] = 0.47083139}, {["Id"] = "rbxassetid://7807831448", ["Name"] = "WalkAnim", ["Time"] = 0.24980325}}, ["DummyCFrame"] = CFrame.new(157.92428589, 440.75671387, 41.71157455, 0.56928325, 0, -0.82214153, 0, 1, 0, 0.82214153, 0, 0.56928325), ["Time"] = 0.31156898, ["DummyAnims"] = {}, ["PlayerCFrame"] = CFrame.new(154.62335205, 440.75439453, 35.12695312, -0.95088923, -0.0, -0.30953139, -0.0, 1, -0.0, 0.30953139, -0.0, -0.95088923)}, {["PlayerAnims"] = {{["Id"] = "rbxassetid://7815618175", ["Name"] = "Animation", ["Time"] = 0.47499806}, {["Id"] = "rbxassetid://7807831448", ["Name"] = "WalkAnim", ["Time"] = 0.25687969}}, ["DummyCFrame"] = CFrame.new(157.92428589, 440.75671387, 41.71157455, 0.56928325, 0, -0.82214153, 0, 1, 0, 0.82214153, 0, 0.56928325), ["Time"] = 0.32014203, ["DummyAnims"] = {}, ["PlayerCFrame"] = CFrame.new(154.58666992, 440.75439453, 35.21966553, -0.93570918, -1e-08, -0.35277241, -0.0, 1, -1e-08, 0.35277241, -1e-08, -0.93570918)}, {["PlayerAnims"] = {{["Id"] = "rbxassetid://7815618175", ["Name"] = "Animation", ["Time"] = 0.48333138}, {["Id"] = "rbxassetid://7807831448", ["Name"] = "WalkAnim", ["Time"] = 0.2710326}}, ["DummyCFrame"] = CFrame.new(157.92428589, 440.75671387, 41.71157455, 0.56928325, 0, -0.82214153, 0, 1, 0, 0.82214153, 0, 0.56928325), ["Time"] = 0.32615948, ["DummyAnims"] = {}, ["PlayerCFrame"] = CFrame.new(154.55250549, 440.75439453, 35.40763092, -0.92132789, -2e-08, -0.38878641, -1e-08, 1, -3e-08, 0.38878641, -2e-08, -0.92132789)}, {["PlayerAnims"] = {{["Id"] = "rbxassetid://7815618175", ["Name"] = "Animation", ["Time"] = 0.49166471}, {["Id"] = "rbxassetid://7807831448", ["Name"] = "WalkAnim", ["Time"] = 0.28413525}}, ["DummyCFrame"] = CFrame.new(157.92428589, 440.75671387, 41.71157455, 0.56928325, 0, -0.82214153, 0, 1, 0, 0.82214153, 0, 0.56928325), ["Time"] = 0.33212256, ["DummyAnims"] = {}, ["PlayerCFrame"] = CFrame.new(154.57066345, 440.75439453, 35.59764862, -0.91610748, -3e-08, -0.40093276, -2e-08, 1, -4e-08, 0.40093276, -3e-08, -0.91610748)}, {["PlayerAnims"] = {{["Id"] = "rbxassetid://7815618175", ["Name"] = "Animation", ["Time"] = 0.49583137}, {["Id"] = "rbxassetid://7807831448", ["Name"] = "WalkAnim", ["Time"] = 0.29068658}}, ["DummyCFrame"] = CFrame.new(157.92428589, 440.75671387, 41.71157455, 0.56928325, 0, -0.82214153, 0, 1, 0, 0.82214153, 0, 0.56928325), ["Time"] = 0.33754277, ["DummyAnims"] = {}, ["PlayerCFrame"] = CFrame.new(154.59939575, 440.75439453, 35.69296646, -0.88843292, -4e-08, -0.45900649, -2e-08, 1, -5e-08, 0.45900649, -4e-08, -0.88843292)}, {["PlayerAnims"] = {{["Id"] = "rbxassetid://7815618175", ["Name"] = "Animation", ["Time"] = 0.49999803}, {["Id"] = "rbxassetid://7807831448", ["Name"] = "WalkAnim", ["Time"] = 0.2972379}}, ["DummyCFrame"] = CFrame.new(157.92428589, 440.75671387, 41.71157455, 0.56928325, 0, -0.82214153, 0, 1, 0, 0.82214153, 0, 0.56928325), ["Time"] = 0.34162331, ["DummyAnims"] = {}, ["PlayerCFrame"] = CFrame.new(154.64004517, 440.75439453, 35.78655243, -0.8717016, -5e-08, -0.49003705, -2e-08, 1, -6e-08, 0.49003705, -4e-08, -0.8717016)}, {["PlayerAnims"] = {{["Id"] = "rbxassetid://7815618175", ["Name"] = "Animation", ["Time"] = 0.5041647}, {["Id"] = "rbxassetid://7807831448", ["Name"] = "WalkAnim", ["Time"] = 0.30427477}}, ["DummyCFrame"] = CFrame.new(157.92428589, 440.75671387, 41.71157455, 0.56928325, 0, -0.82214153, 0, 1, 0, 0.82214153, 0, 0.56928325), ["Time"] = 0.34701633, ["DummyAnims"] = {}, ["PlayerCFrame"] = CFrame.new(154.68719482, 440.75439453, 35.8783989, -0.8606931, -5e-08, -0.50912416, -2e-08, 1, -7e-08, 0.50912416, -5e-08, -0.8606931)}, {["PlayerAnims"] = {{["Id"] = "rbxassetid://7815618175", ["Name"] = "Animation", ["Time"] = 0.50833136}, {["Id"] = "rbxassetid://7807831448", ["Name"] = "WalkAnim", ["Time"] = 0.31131163}}, ["DummyCFrame"] = CFrame.new(157.92428589, 440.75671387, 41.71157455, 0.56928325, 0, -0.82214153, 0, 1, 0, 0.82214153, 0, 0.56928325), ["Time"] = 0.35177517, ["DummyAnims"] = {}, ["PlayerCFrame"] = CFrame.new(154.73802185, 440.75439453, 35.96887589, -0.85112262, -6e-08, -0.52496696, -2e-08, 1, -7e-08, 0.52496696, -5e-08, -0.85112262)}, {["PlayerAnims"] = {{["Id"] = "rbxassetid://7815618175", ["Name"] = "Animation", ["Time"] = 0.51249802}, {["Id"] = "rbxassetid://7807831448", ["Name"] = "WalkAnim", ["Time"] = 0.3183485}}, ["DummyCFrame"] = CFrame.new(157.92428589, 440.75671387, 41.71157455, 0.56928325, 0, -0.82214153, 0, 1, 0, 0.82214153, 0, 0.56928325), ["Time"] = 0.35641956, ["DummyAnims"] = {}, ["PlayerCFrame"] = CFrame.new(154.79125977, 440.75439453, 36.05821609, -0.83790916, -7e-08, -0.54580975, -3e-08, 1, -8e-08, 0.54580975, -6e-08, -0.83790916)}, {["PlayerAnims"] = {{["Id"] = "rbxassetid://7815618175", ["Name"] = "Animation", ["Time"] = 0.52083135}, {["Id"] = "rbxassetid://7807831448", ["Name"] = "WalkAnim", ["Time"] = 0.33242223}}, ["DummyCFrame"] = CFrame.new(157.92428589, 440.75671387, 41.71157455, 0.56928325, 0, -0.82214153, 0, 1, 0, 0.82214153, 0, 0.56928325), ["Time"] = 0.36338377, ["DummyAnims"] = {}, ["PlayerCFrame"] = CFrame.new(154.90310669, 440.75439453, 36.23384094, -0.83111048, -8e-08, -0.5561074, -3e-08, 1, -1e-07, 0.5561074, -7e-08, -0.83111048)}, {["PlayerAnims"] = {{["Id"] = "rbxassetid://7815618175", ["Name"] = "Animation", ["Time"] = 0.52499801}, {["Id"] = "rbxassetid://7807831448", ["Name"] = "WalkAnim", ["Time"] = 0.33945909}}, ["DummyCFrame"] = CFrame.new(157.92428589, 440.75671387, 41.71157455, 0.56928325, 0, -0.82214153, 0, 1, 0, 0.82214153, 0, 0.56928325), ["Time"] = 0.36840487, ["DummyAnims"] = {}, ["PlayerCFrame"] = CFrame.new(154.96043396, 440.75439453, 36.32078934, -0.82168162, -9e-08, -0.56994677, -3e-08, 1, -1.1e-07, 0.56994677, -7e-08, -0.82168162)}, {["PlayerAnims"] = {{["Id"] = "rbxassetid://7815618175", ["Name"] = "Animation", ["Time"] = 0.52916467}, {["Id"] = "rbxassetid://7807831448", ["Name"] = "WalkAnim", ["Time"] = 0.34649596}}, ["DummyCFrame"] = CFrame.new(157.92428589, 440.75671387, 41.71157455, 0.56928325, 0, -0.82214153, 0, 1, 0, 0.82214153, 0, 0.56928325), ["Time"] = 0.3739121, ["DummyAnims"] = {}, ["PlayerCFrame"] = CFrame.new(155.01904297, 440.75439453, 36.40689087, -0.81713492, -9e-08, -0.57644647, -3e-08, 1, -1.2e-07, 0.57644647, -8e-08, -0.81713492)}, {["PlayerAnims"] = {{["Id"] = "rbxassetid://7815618175", ["Name"] = "Animation", ["Time"] = 0.537498}, {["Id"] = "rbxassetid://7807831448", ["Name"] = "WalkAnim", ["Time"] = 0.36056969}}, ["DummyCFrame"] = CFrame.new(157.92428589, 440.75671387, 41.71157455, 0.56928325, 0, -0.82214153, 0, 1, 0, 0.82214153, 0, 0.56928325), ["Time"] = 0.38350534, ["DummyAnims"] = {}, ["PlayerCFrame"] = CFrame.new(155.13839722, 440.75439453, 36.5776329, -0.80892462, -8e-08, -0.58791238, -3e-08, 1, -1e-07, 0.58791238, -6e-08, -0.80892462)}, {["PlayerAnims"] = {{["Id"] = "rbxassetid://7815618175", ["Name"] = "Animation", ["Time"] = 0.54583132}, {["Id"] = "rbxassetid://7807831448", ["Name"] = "WalkAnim", ["Time"] = 0.37464342}}, ["DummyCFrame"] = CFrame.new(157.92428589, 440.75671387, 41.71157455, 0.56928325, 0, -0.82214153, 0, 1, 0, 0.82214153, 0, 0.56928325), ["Time"] = 0.38805461, ["DummyAnims"] = {}, ["PlayerCFrame"] = CFrame.new(155.26016235, 440.75439453, 36.74667358, -0.80528194, -6e-08, -0.59289205, -2e-08, 1, -8e-08, 0.59289205, -5e-08, -0.80528194)}, {["PlayerAnims"] = {{["Id"] = "rbxassetid://7815618175", ["Name"] = "Animation", ["Time"] = 0.54999799}, {["Id"] = "rbxassetid://7807831448", ["Name"] = "WalkAnim", ["Time"] = 0.38168028}}, ["DummyCFrame"] = CFrame.new(157.92428589, 440.75671387, 41.71157455, 0.56928325, 0, -0.82214153, 0, 1, 0, 0.82214153, 0, 0.56928325), ["Time"] = 0.39339495, ["DummyAnims"] = {}, ["PlayerCFrame"] = CFrame.new(155.32165527, 440.75439453, 36.83075333, -0.802661, -5e-08, -0.59643549, -2e-08, 1, -7e-08, 0.59643549, -5e-08, -0.802661)}, {["PlayerAnims"] = {{["Id"] = "rbxassetid://7815618175", ["Name"] = "Animation", ["Time"] = 0.55416465}, {["Id"] = "rbxassetid://7807831448", ["Name"] = "WalkAnim", ["Time"] = 0.38871714}}, ["DummyCFrame"] = CFrame.new(157.92428589, 440.75671387, 41.71157455, 0.56928325, 0, -0.82214153, 0, 1, 0, 0.82214153, 0, 0.56928325), ["Time"] = 0.39814901, ["DummyAnims"] = {}, ["PlayerCFrame"] = CFrame.new(155.38354492, 440.75439453, 36.91453934, -0.80002493, -5e-08, -0.59996676, -1e-08, 1, -6e-08, 0.59996676, -4e-08, -0.80002493)}, {["PlayerAnims"] = {{["Id"] = "rbxassetid://7815618175", ["Name"] = "Animation", ["Time"] = 0.55833131}, {["Id"] = "rbxassetid://7807831448", ["Name"] = "WalkAnim", ["Time"] = 0.39575401}}, ["DummyCFrame"] = CFrame.new(157.92428589, 440.75671387, 41.71157455, 0.56928325, 0, -0.82214153, 0, 1, 0, 0.82214153, 0, 0.56928325), ["Time"] = 0.40288877, ["DummyAnims"] = {}, ["PlayerCFrame"] = CFrame.new(155.44581604, 440.75439453, 36.99804306, -0.797373, -4e-08, -0.60348678, -1e-08, 1, -5e-08, 0.60348678, -3e-08, -0.797373)}, {["PlayerAnims"] = {{["Id"] = "rbxassetid://7815618175", ["Name"] = "Animation", ["Time"] = 0.57499796}, {["Id"] = "rbxassetid://7807831448", ["Name"] = "WalkAnim", ["Time"] = 0.42390147}}, ["DummyCFrame"] = CFrame.new(157.92428589, 440.75671387, 41.71157455, 0.56928325, 0, -0.82214153, 0, 1, 0, 0.82214153, 0, 0.56928325), ["Time"] = 0.41872907, ["DummyAnims"] = {}, ["PlayerCFrame"] = CFrame.new(155.69691467, 440.75439453, 37.33054352, -0.79524016, -1e-08, -0.60629451, 0.0, 1, -1e-08, 0.60629451, -1e-08, -0.79524016)}, {["PlayerAnims"] = {{["Id"] = "rbxassetid://7815618175", ["Name"] = "Animation", ["Time"] = 0.58333129}, {["Id"] = "rbxassetid://7807831448", ["Name"] = "WalkAnim", ["Time"] = 0.4379752}}, ["DummyCFrame"] = CFrame.new(157.92428589, 440.75671387, 41.71157455, 0.56928325, 0, -0.82214153, 0, 1, 0, 0.82214153, 0, 0.56928325), ["Time"] = 0.42834496, ["DummyAnims"] = {}, ["PlayerCFrame"] = CFrame.new(155.82305908, 440.75439453, 37.49633789, -0.79417026, 1e-08, -0.60769528, 1e-08, 1, 1e-08, 0.60769528, -0.0, -0.79417026)}, {["PlayerAnims"] = {{["Id"] = "rbxassetid://7815618175", ["Name"] = "Animation", ["Time"] = 0.59166461}, {["Id"] = "rbxassetid://7807831448", ["Name"] = "WalkAnim", ["Time"] = 0.45204893}}, ["DummyCFrame"] = CFrame.new(157.92428589, 440.75671387, 41.71157455, 0.56928325, 0, -0.82214153, 0, 1, 0, 0.82214153, 0, 0.56928325), ["Time"] = 0.43399477, ["DummyAnims"] = {}, ["PlayerCFrame"] = CFrame.new(155.9495697, 440.75439453, 37.66186142, -0.79417014, 2e-08, -0.60769546, 1e-08, 1, 2e-08, 0.60769546, 1e-08, -0.79417014)}, {["PlayerAnims"] = {{["Id"] = "rbxassetid://7815618175", ["Name"] = "Animation", ["Time"] = 0.59583127}, {["Id"] = "rbxassetid://7807831448", ["Name"] = "WalkAnim", ["Time"] = 0.45908579}}, ["DummyCFrame"] = CFrame.new(157.92428589, 440.75671387, 41.71157455, 0.56928325, 0, -0.82214153, 0, 1, 0, 0.82214153, 0, 0.56928325), ["Time"] = 0.4399724, ["DummyAnims"] = {}, ["PlayerCFrame"] = CFrame.new(156.01286316, 440.75439453, 37.74459457, -0.79417014, 3e-08, -0.60769546, 2e-08, 1, 3e-08, 0.60769546, 2e-08, -0.79417014)}, {["PlayerAnims"] = {{["Id"] = "rbxassetid://7815618175", ["Name"] = "Animation", ["Time"] = 0.6041646}, {["Id"] = "rbxassetid://7807831448", ["Name"] = "WalkAnim", ["Time"] = 0.47315952}}, ["DummyCFrame"] = CFrame.new(157.92428589, 440.75671387, 41.71157455, 0.56928325, 0, -0.82214153, 0, 1, 0, 0.82214153, 0, 0.56928325), ["Time"] = 0.44524121, ["DummyAnims"] = {}, ["PlayerCFrame"] = CFrame.new(156.13945007, 440.75439453, 37.91004944, -0.79417014, 5e-08, -0.60769546, 2e-08, 1, 5e-08, 0.60769546, 3e-08, -0.79417014)}, {["PlayerAnims"] = {{["Id"] = "rbxassetid://7815618175", ["Name"] = "Animation", ["Time"] = 0.60833126}, {["Id"] = "rbxassetid://7807831448", ["Name"] = "WalkAnim", ["Time"] = 0.48019639}}, ["DummyCFrame"] = CFrame.new(157.92428589, 440.75671387, 41.71157455, 0.56928325, 0, -0.82214153, 0, 1, 0, 0.82214153, 0, 0.56928325), ["Time"] = 0.45077968, ["DummyAnims"] = {}, ["PlayerCFrame"] = CFrame.new(156.20274353, 440.75439453, 37.99277496, -0.79417014, 6e-08, -0.60769546, 2e-08, 1, 6e-08, 0.60769546, 3e-08, -0.79417014)}, {["PlayerAnims"] = {{["Id"] = "rbxassetid://7815618175", ["Name"] = "Animation", ["Time"] = 0.61249793}, {["Id"] = "rbxassetid://7807831448", ["Name"] = "WalkAnim", ["Time"] = 0.48723325}}, ["DummyCFrame"] = CFrame.new(157.92428589, 440.75671387, 41.71157455, 0.56928325, 0, -0.82214153, 0, 1, 0, 0.82214153, 0, 0.56928325), ["Time"] = 0.45538425, ["DummyAnims"] = {}, ["PlayerCFrame"] = CFrame.new(156.26605225, 440.75439453, 38.07550049, -0.79417014, 6e-08, -0.60769546, 3e-08, 1, 7e-08, 0.60769546, 4e-08, -0.79417014)}, {["PlayerAnims"] = {{["Id"] = "rbxassetid://7815618175", ["Na