return {["StartTime"] = 1759539055.7868958, ["Frames"] = {{["PlayerAnims"] = {{["Id"] = "rbxassetid://14516273501", ["Name"] = "Animation1", ["Time"] = 0.17500003}}, ["DummyCFrame"] = CFrame.new(124.15814209, 440.75671387, 27.35979271, -0.90904164, 0, -0.4167054, 0, 1, 0, 0.4167054, 0, -0.90904164), ["Time"] = 0.02667475, ["DummyAnims"] = {}, ["PlayerCFrame"] = CFrame.new(131.70266724, 440.75439453, 22.60101128, -0.59484273, 1e-07, 0.80384207, 3e-08, 1, -1.1e-07, -0.80384207, -4e-08, -0.59484273)}, {["PlayerAnims"] = {{["Id"] = "rbxassetid://14516273501", ["Name"] = "Animation1", ["Time"] = 0.18750003}}, ["DummyCFrame"] = CFrame.new(124.15814209, 440.75671387, 27.35979271, -0.90904164, 0, -0.4167054, 0, 1, 0, 0.4167054, 0, -0.90904164), ["Time"] = 0.03667378, ["DummyAnims"] = {}, ["PlayerCFrame"] = CFrame.new(131.70266724, 440.75439453, 22.60101128, -0.59271526, 9e-08, 0.80541205, 2e-08, 1, -1e-07, -0.80541205, -4e-08, -0.59271526)}, {["PlayerAnims"] = {{["Id"] = "rbxassetid://14516273501", ["Name"] = "Animation1", ["Time"] = 0.19583337}}, ["DummyCFrame"] = CFrame.new(124.15814209, 440.75671387, 27.35979271, -0.90904164, 0, -0.4167054, 0, 1, 0, 0.4167054, 0, -0.90904164), ["Time"] = 0.04494619, ["DummyAnims"] = {}, ["PlayerCFrame"] = CFrame.new(131.70266724, 440.75439453, 22.60101128, -0.5905835, 8e-08, 0.80697656, 2e-08, 1, -8e-08, -0.80697656, -3e-08, -0.5905835)}, {["PlayerAnims"] = {{["Id"] = "rbxassetid://14516273501", ["Name"] = "Animation1", ["Time"] = 0.20416671}}, ["DummyCFrame"] = CFrame.new(124.15814209, 440.75671387, 27.35979271, -0.90904164, 0, -0.4167054, 0, 1, 0, 0.4167054, 0, -0.90904164), ["Time"] = 0.05546308, ["DummyAnims"] = {}, ["PlayerCFrame"] = CFrame.new(131.70266724, 440.75439453, 22.60101128, -0.58987218, 6e-08, 0.80749661, 1e-08, 1, -6e-08, -0.80749661, -2e-08, -0.58987218)}, {["PlayerAnims"] = {{["Id"] = "rbxassetid://14516273501", ["Name"] = "Animation1", ["Time"] = 0.21666671}}, ["DummyCFrame"] = CFrame.new(124.15814209, 440.75671387, 27.35979271, -0.90904164, 0, -0.4167054, 0, 1, 0, 0.4167054, 0, -0.90904164), ["Time"] = 0.06648517, ["DummyAnims"] = {}, ["PlayerCFrame"] = CFrame.new(131.70266724, 440.75439453, 22.60101128, -0.589872, 3e-08, 0.80749673, 1e-08, 1, -3e-08, -0.80749673, -1e-08, -0.589872)}, {["PlayerAnims"] = {{["Id"] = "rbxassetid://14516273501", ["Name"] = "Animation1", ["Time"] = 0.22500005}}, ["DummyCFrame"] = CFrame.new(124.15814209, 440.75671387, 27.35979271, -0.90904164, 0, -0.4167054, 0, 1, 0, 0.4167054, 0, -0.90904164), ["Time"] = 0.07477427, ["DummyAnims"] = {}, ["PlayerCFrame"] = CFrame.new(131.70266724, 440.75439453, 22.60101128, -0.58987218, 2e-08, 0.80749661, 0.0, 1, -2e-08, -0.80749661, -1e-08, -0.58987218)}, {["PlayerAnims"] = {{["Id"] = "rbxassetid://14516273501", ["Name"] = "Animation1", ["Time"] = 0.23333339}}, ["DummyCFrame"] = CFrame.new(124.15814209, 440.75671387, 27.35979271, -0.90904164, 0, -0.4167054, 0, 1, 0, 0.4167054, 0, -0.90904164), ["Time"] = 0.08307385, ["DummyAnims"] = {}, ["PlayerCFrame"] = CFrame.new(131.70266724, 440.75439453, 22.60101128, -0.58987218, -0.0, 0.80749661, -0.0, 1, 0.0, -0.80749661, -0.0, -0.58987218)}, {["PlayerAnims"] = {{["Id"] = "rbxassetid://14516273501", ["Name"] = "Animation1", ["Time"] = 0.24166673}}, ["DummyCFrame"] = CFrame.new(124.15814209, 440.75671387, 27.35979271, -0.90904164, 0, -0.4167054, 0, 1, 0, 0.4167054, 0, -0.90904164), ["Time"] = 0.09204626, ["DummyAnims"] = {}, ["PlayerCFrame"] = CFrame.new(131.70266724, 440.75439453, 22.60101128, -0.58916026, -2e-08, 0.80801624, -0.0, 1, 2e-08, -0.80801624, 1e-08, -0.58916026)}, {["PlayerAnims"] = {{["Id"] = "rbxassetid://14516273501", ["Name"] = "Animation1", ["Time"] = 0.25000006}}, ["DummyCFrame"] = CFrame.new(124.15814209, 440.75671387, 27.35979271, -0.90904164, 0, -0.4167054, 0, 1, 0, 0.4167054, 0, -0.90904164), ["Time"] = 0.1023047, ["DummyAnims"] = {}, ["PlayerCFrame"] = CFrame.new(131.70266724, 440.75439453, 22.60101128, -0.58844799, -3e-08, 0.80853504, -1e-08, 1, 4e-08, -0.80853504, 1e-08, -0.58844799)}, {["PlayerAnims"] = {{["Id"] = "rbxassetid://14516273501", ["Name"] = "Animation1", ["Time"] = 0.25833338}}, ["DummyCFrame"] = CFrame.new(124.15814209, 440.75671387, 27.35979271, -0.90904164, 0, -0.4167054, 0, 1, 0, 0.4167054, 0, -0.90904164), ["Time"] = 0.10897279, ["DummyAnims"] = {}, ["PlayerCFrame"] = CFrame.new(131.70266724, 440.75439453, 22.60101128, -0.58559406, -5e-08, 0.81060445, -1e-08, 1, 5e-08, -0.81060445, 2e-08, -0.58559406)}, {["PlayerAnims"] = {{["Id"] = "rbxassetid://14516273501", ["Name"] = "Animation1", ["Time"] = 0.26666671}}, ["DummyCFrame"] = CFrame.new(124.15814209, 440.75671387, 27.35979271, -0.90904164, 0, -0.4167054, 0, 1, 0, 0.4167054, 0, -0.90904164), ["Time"] = 0.11534882, ["DummyAnims"] = {}, ["PlayerCFrame"] = CFrame.new(131.70266724, 440.75439453, 22.60101128, -0.58344871, -7e-08, 0.81215, -2e-08, 1, 7e-08, -0.81215, 3e-08, -0.58344871)}, {["PlayerAnims"] = {{["Id"] = "rbxassetid://14516273501", ["Name"] = "Animation1", ["Time"] = 0.27083337}}, ["DummyCFrame"] = CFrame.new(124.15814209, 440.75671387, 27.35979271, -0.90904164, 0, -0.4167054, 0, 1, 0, 0.4167054, 0, -0.90904164), ["Time"] = 0.12104988, ["DummyAnims"] = {}, ["PlayerCFrame"] = CFrame.new(131.70266724, 440.75439453, 22.60101128, -0.58201569, -8e-08, 0.81317759, -2e-08, 1, 8e-08, -0.81317759, 3e-08, -0.58201569)}, {["PlayerAnims"] = {{["Id"] = "rbxassetid://14516273501", ["Name"] = "Animation1", ["Time"] = 0.2791667}}, ["DummyCFrame"] = CFrame.new(124.15814209, 440.75671387, 27.35979271, -0.90904164, 0, -0.4167054, 0, 1, 0, 0.4167054, 0, -0.90904164), ["Time"] = 0.12796664, ["DummyAnims"] = {}, ["PlayerCFrame"] = CFrame.new(131.70266724, 440.75439453, 22.60101128, -0.57842642, -9e-08, 0.81573457, -2e-08, 1, 1e-07, -0.81573457, 4e-08, -0.57842642)}, {["PlayerAnims"] = {{["Id"] = "rbxassetid://14516273501", ["Name"] = "Animation1", ["Time"] = 0.28333336}}, ["DummyCFrame"] = CFrame.new(124.15814209, 440.75671387, 27.35979271, -0.90904164, 0, -0.4167054, 0, 1, 0, 0.4167054, 0, -0.90904164), ["Time"] = 0.13378811, ["DummyAnims"] = {}, ["PlayerCFrame"] = CFrame.new(131.70266724, 440.75439453, 22.60101128, -0.57626754, -1e-07, 0.8172611, -3e-08, 1, 1.1e-07, -0.8172611, 4e-08, -0.57626754)}, {["PlayerAnims"] = {{["Id"] = "rbxassetid://14516273501", ["Name"] = "Animation1", ["Time"] = 0.29166669}}, ["DummyCFrame"] = CFrame.new(124.15814209, 440.75671387, 27.35979271, -0.90904164, 0, -0.4167054, 0, 1, 0, 0.4167054, 0, -0.90904164), ["Time"] = 0.1404891, ["DummyAnims"] = {}, ["PlayerCFrame"] = CFrame.new(131.70266724, 440.75439453, 22.60101128, -0.57121444, -1e-07, 0.82080084, -3e-08, 1, 1.1e-07, -0.82080084, 4e-08, -0.57121444)}, {["PlayerAnims"] = {{["Id"] = "rbxassetid://14516273501", ["Name"] = "Animation1", ["Time"] = 0.29583335}}, ["DummyCFrame"] = CFrame.new(124.15814209, 440.75671387, 27.35979271, -0.90904164, 0, -0.4167054, 0, 1, 0, 0.4167054, 0, -0.90904164), ["Time"] = 0.14595771, ["DummyAnims"] = {}, ["PlayerCFrame"] = CFrame.new(131.70266724, 440.75439453, 22.60101128, -0.56613946, -9e-08, 0.82430947, -2e-08, 1, 1e-07, -0.82430947, 4e-08, -0.56613946)}, {["PlayerAnims"] = {{["Id"] = "rbxassetid://14516273501", ["Name"] = "Animation1", ["Time"] = 0.30000001}}, ["DummyCFrame"] = CFrame.new(124.15814209, 440.75671387, 27.35979271, -0.90904164, 0, -0.4167054, 0, 1, 0, 0.4167054, 0, -0.90904164), ["Time"] = 0.15251708, ["DummyAnims"] = {}, ["PlayerCFrame"] = CFrame.new(131.70266724, 440.75439453, 22.60101128, -0.56250113, -9e-08, 0.82679653, -2e-08, 1, 9e-08, -0.82679653, 3e-08, -0.56250113)}, {["PlayerAnims"] = {{["Id"] = "rbxassetid://14516273501", ["Name"] = "Animation1", ["Time"] = 0.3125}}, ["DummyCFrame"] = CFrame.new(124.15814209, 440.75671387, 27.35979271, -0.90904164, 0, -0.4167054, 0, 1, 0, 0.4167054, 0, -0.90904164), ["Time"] = 0.16132164, ["DummyAnims"] = {}, ["PlayerCFrame"] = CFrame.new(131.70266724, 440.75439453, 22.60101128, -0.5573895, -6e-08, 0.83025116, -2e-08, 1, 6e-08, -0.83025116, 2e-08, -0.5573895)}, {["PlayerAnims"] = {{["Id"] = "rbxassetid://14516273501", ["Name"] = "Animation1", ["Time"] = 0.32083333}}, ["DummyCFrame"] = CFrame.new(124.15814209, 440.75671387, 27.35979271, -0.90904164, 0, -0.4167054, 0, 1, 0, 0.4167054, 0, -0.90904164), ["Time"] = 0.16981435, ["DummyAnims"] = {}, ["PlayerCFrame"] = CFrame.new(131.70266724, 440.75439453, 22.60101128, -0.55078596, -4e-08, 0.83464652, -1e-08, 1, 4e-08, -0.83464652, 2e-08, -0.55078596)}, {["PlayerAnims"] = {{["Id"] = "rbxassetid://14516273501", ["Name"] = "Animation1", ["Time"] = 0.32499999}}, ["DummyCFrame"] = CFrame.new(124.15814209, 440.75671387, 27.35979271, -0.90904164, 0, -0.4167054, 0, 1, 0, 0.4167054, 0, -0.90904164), ["Time"] = 0.17788506, ["DummyAnims"] = {}, ["PlayerCFrame"] = CFrame.new(131.70266724, 440.75439453, 22.60101128, -0.54562593, -3e-08, 0.83802885, -1e-08, 1, 4e-08, -0.83802885, 1e-08, -0.54562593)}, {["PlayerAnims"] = {{["Id"] = "rbxassetid://14516273501", ["Name"] = "Animation1", ["Time"] = 0.33333331}}, ["DummyCFrame"] = CFrame.new(124.15814209, 440.75671387, 27.35979271, -0.90904164, 0, -0.4167054, 0, 1, 0, 0.4167054, 0, -0.90904164), ["Time"] = 0.1860795, ["DummyAnims"] = {}, ["PlayerCFrame"] = CFrame.new(131.70266724, 440.75439453, 22.60101128, -0.54118651, -2e-08, 0.84090257, -1e-08, 1, 2e-08, -0.84090257, 1e-08, -0.54118651)}, {["PlayerAnims"] = {{["Id"] = "rbxassetid://14516273501", ["Name"] = "Animation1", ["Time"] = 0.3458333}}, ["DummyCFrame"] = CFrame.new(124.15814209, 440.75671387, 27.35979271, -0.90904164, 0, -0.4167054, 0, 1, 0, 0.4167054, 0, -0.90904164), ["Time"] = 0.19595647, ["DummyAnims"] = {}, ["PlayerCFrame"] = CFrame.new(131.70266724, 440.75439453, 22.60101128, -0.53747571, 1e-08, 0.84327924, 0.0, 1, -1e-08, -0.84327924, -0.0, -0.53747571)}, {["PlayerAnims"] = {{["Id"] = "rbxassetid://14516273501", ["Name"] = "Animation1", ["Time"] = 0.35416663}}, ["DummyCFrame"] = CFrame.new(124.15814209, 440.75671387, 27.35979271, -0.90904164, 0, -0.4167054, 0, 1, 0, 0.4167054, 0, -0.90904164), ["Time"] = 0.20599842, ["DummyAnims"] = {}, ["PlayerCFrame"] = CFrame.new(131.70266724, 440.75439453, 22.60101128, -0.53375399, 3e-08, 0.84563982, 0.0, 1, -3e-08, -0.84563982, -1e-08, -0.53375399)}, {["PlayerAnims"] = {{["Id"] = "rbxassetid://14516273501", ["Name"] = "Animation1", ["Time"] = 0.36249995}}, ["DummyCFrame"] = CFrame.new(124.15814209, 440.75671387, 27.35979271, -0.90904164, 0, -0.4167054, 0, 1, 0, 0.4167054, 0, -0.90904164), ["Time"] = 0.21379447, ["DummyAnims"] = {}, ["PlayerCFrame"] = CFrame.new(131.70266724, 440.75439453, 22.60101128, -0.52927452, 4e-08, 0.84845066, 1e-08, 1, -5e-08, -0.84845066, -2e-08, -0.52927452)}, {["PlayerAnims"] = {{["Id"] = "rbxassetid://14516273501", ["Name"] = "Animation1", ["Time"] = 0.37499994}}, ["DummyCFrame"] = CFrame.new(124.15814209, 440.75671387, 27.35979271, -0.90904164, 0, -0.4167054, 0, 1, 0, 0.4167054, 0, -0.90904164), ["Time"] = 0.22636485, ["DummyAnims"] = {}, ["PlayerCFrame"] = CFrame.new(131.63600159, 440.75439453, 22.64259911, -0.52627981, 7e-08, 0.85031146, 1e-08, 1, -7e-08, -0.85031146, -3e-08, -0.52627981)}, {["PlayerAnims"] = {{["Id"] = "rbxassetid://14516273501", ["Name"] = "Animation1", ["Time"] = 0.38749993}, {["Id"] = "rbxassetid://7815618175", ["Name"] = "Animation", ["Time"] = 0.0125}, {["Id"] = "rbxassetid://7807831448", ["Name"] = "WalkAnim", ["Time"] = 0.00812838}}, ["DummyCFrame"] = CFrame.new(124.15814209, 440.75671387, 27.35979271, -0.90904164, 0, -0.4167054, 0, 1, 0, 0.4167054, 0, -0.90904164), ["Time"] = 0.23752379, ["DummyAnims"] = {}, ["PlayerCFrame"] = CFrame.new(131.46910095, 440.75439453, 22.74619102, -0.5247798, 9e-08, 0.85123801, 2e-08, 1, -1e-07, -0.85123801, -4e-08, -0.5247798)}, {["PlayerAnims"] = {{["Id"] = "rbxassetid://14516273501", ["Name"] = "Animation1", ["Time"] = 0.39583325}, {["Id"] = "rbxassetid://7815618175", ["Name"] = "Animation", ["Time"] = 0.02083334}, {["Id"] = "rbxassetid://7807831448", ["Name"] = "WalkAnim", ["Time"] = 0.01896618}}, ["DummyCFrame"] = CFrame.new(124.15814209, 440.75671387, 27.35979271, -0.90904164, 0, -0.4167054, 0, 1, 0, 0.4167054, 0, -0.90904164), ["Time"] = 0.24693298, ["DummyAnims"] = {}, ["PlayerCFrame"] = CFrame.new(131.30645752, 440.75439453, 22.84661293, -0.52327836, 1.1e-07, 0.85216182, 2e-08, 1, -1.2e-07, -0.85216182, -4e-08, -0.52327836)}, {["PlayerAnims"] = {{["Id"] = "rbxassetid://14516273501", ["Name"] = "Animation1", ["Time"] = 0.40833324}, {["Id"] = "rbxassetid://7815618175", ["Name"] = "Animation", ["Time"] = 0.03333334}, {["Id"] = "rbxassetid://7807831448", ["Name"] = "WalkAnim", ["Time"] = 0.03954827}}, ["DummyCFrame"] = CFrame.new(124.15814209, 440.75671387, 27.35979271, -0.90904164, 0, -0.4167054, 0, 1, 0, 0.4167054, 0, -0.90904164), ["Time"] = 0.25838375, ["DummyAnims"] = {}, ["PlayerCFrame"] = CFrame.new(131.04248047, 440.75439453, 23.00884438, -0.52027082, 9e-08, 0.85400134, 2e-08, 1, -9e-08, -0.85400134, -3e-08, -0.52027082)}, {["PlayerAnims"] = {{["Id"] = "rbxassetid://14516273501", ["Name"] = "Animation1", ["Time"] = 0.41666657}, {["Id"] = "rbxassetid://7815618175", ["Name"] = "Animation", ["Time"] = 0.04166667}, {["Id"] = "rbxassetid://7807831448", ["Name"] = "WalkAnim", ["Time"] = 0.05326966}}, ["DummyCFrame"] = CFrame.new(124.15814209, 440.75671387, 27.35979271, -0.90904164, 0, -0.4167054, 0, 1, 0, 0.4167054, 0, -0.90904164), ["Time"] = 0.2691896, ["DummyAnims"] = {}, ["PlayerCFrame"] = CFrame.new(130.86477661, 440.75439453, 23.11733437, -0.51876467, 7e-08, 0.85491705, 1e-08, 1, -7e-08, -0.85491705, -3e-08, -0.51876467)}, {["PlayerAnims"] = {{["Id"] = "rbxassetid://14516273501", ["Name"] = "Animation1", ["Time"] = 0.42916656}, {["Id"] = "rbxassetid://7815618175", ["Name"] = "Animation", ["Time"] = 0.05416667}, {["Id"] = "rbxassetid://7807831448", ["Name"] = "WalkAnim", ["Time"] = 0.07385175}}, ["DummyCFrame"] = CFrame.new(124.15814209, 440.75671387, 27.35979271, -0.90904164, 0, -0.4167054, 0, 1, 0, 0.4167054, 0, -0.90904164), ["Time"] = 0.28190827, ["DummyAnims"] = {}, ["PlayerCFrame"] = CFrame.new(130.59770203, 440.75439453, 23.27955437, -0.51876467, 4e-08, 0.85491705, 1e-08, 1, -5e-08, -0.85491705, -2e-08, -0.51876467)}, {["PlayerAnims"] = {{["Id"] = "rbxassetid://14516273501", ["Name"] = "Animation1", ["Time"] = 0.44166654}, {["Id"] = "rbxassetid://7815618175", ["Name"] = "Animation", ["Time"] = 0.06666668}, {["Id"] = "rbxassetid://7807831448", ["Name"] = "WalkAnim", ["Time"] = 0.09443384}}, ["DummyCFrame"] = CFrame.new(124.15814209, 440.75671387, 27.35979271, -0.90904164, 0, -0.4167054, 0, 1, 0, 0.4167054, 0, -0.90904164), ["Time"] = 0.29139233, ["DummyAnims"] = {}, ["PlayerCFrame"] = CFrame.new(130.33055115, 440.75439453, 23.44167328, -0.51876467, 2e-08, 0.85491705, 0.0, 1, -2e-08, -0.85491705, -1e-08, -0.51876467)}, {["PlayerAnims"] = {{["Id"] = "rbxassetid://14516273501", ["Name"] = "Animation1", ["Time"] = 0.44999987}, {["Id"] = "rbxassetid://7815618175", ["Name"] = "Animation", ["Time"] = 0.07500001}, {["Id"] = "rbxassetid://7807831448", ["Name"] = "WalkAnim", ["Time"] = 0.10815524}}, ["DummyCFrame"] = CFrame.new(124.15814209, 440.75671387, 27.35979271, -0.90904164, 0, -0.4167054, 0, 1, 0, 0.4167054, 0, -0.90904164), ["Time"] = 0.30125904, ["DummyAnims"] = {}, ["PlayerCFrame"] = CFrame.new(130.15245056, 440.75439453, 23.54975128, -0.51876467, 0.0, 0.85491705, 0.0, 1, -0.0, -0.85491705, 0.0, -0.51876467)}, {["PlayerAnims"] = {{["Id"] = "rbxassetid://14516273501", ["Name"] = "Animation1", ["Time"] = 0.45833319}, {["Id"] = "rbxassetid://7815618175", ["Name"] = "Animation", ["Time"] = 0.08333334}, {["Id"] = "rbxassetid://7807831448", ["Name"] = "WalkAnim", ["Time"] = 0.12187663}}, ["DummyCFrame"] = CFrame.new(124.15814209, 440.75671387, 27.35979271, -0.90904164, 0, -0.4167054, 0, 1, 0, 0.4167054, 0, -0.90904164), ["Time"] = 0.31223726, ["DummyAnims"] = {}, ["PlayerCFrame"] = CFrame.new(129.97434998, 440.75439453, 23.65782547, -0.51876467, -2e-08, 0.85491705, -0.0, 1, 2e-08, -0.85491705, 1e-08, -0.51876467)}, {["PlayerAnims"] = {{["Id"] = "rbxassetid://14516273501", ["Name"] = "Animation1", ["Time"] = 0.46666652}, {["Id"] = "rbxassetid://7815618175", ["Name"] = "Animation", ["Time"] = 0.09166668}, {["Id"] = "rbxassetid://7807831448", ["Name"] = "WalkAnim", ["Time"] = 0.13559802}}, ["DummyCFrame"] = CFrame.new(124.15814209, 440.75671387, 27.35979271, -0.90904164, 0, -0.4167054, 0, 1, 0, 0.4167054, 0, -0.90904164), ["Time"] = 0.31779242, ["DummyAnims"] = {}, ["PlayerCFrame"] = CFrame.new(129.79624939, 440.75439453, 23.76589966, -0.51876467, -3e-08, 0.85491705, -1e-08, 1, 4e-08, -0.85491705, 1e-08, -0.51876467)}, {["PlayerAnims"] = {{["Id"] = "rbxassetid://14516273501", ["Name"] = "Animation1", ["Time"] = 0.47499985}, {["Id"] = "rbxassetid://7815618175", ["Name"] = "Animation", ["Time"] = 0.10000001}, {["Id"] = "rbxassetid://7807831448", ["Name"] = "WalkAnim", ["Time"] = 0.14996584}, {["Id"] = "http://www.roblox.com/asset/?id=125750702", ["Name"] = "JumpAnim", ["Time"] = 0.00833333}}, ["DummyCFrame"] = CFrame.new(124.15814209, 440.75671387, 27.35979271, -0.90904164, 0, -0.4167054, 0, 1, 0, 0.4167054, 0, -0.90904164), ["Time"] = 0.32885742, ["DummyAnims"] = {}, ["PlayerCFrame"] = CFrame.new(129.6181488, 441.17941284, 23.87397385, -0.51876467, -5e-08, 0.85491705, -1e-08, 1, 5e-08, -0.85491705, 2e-08, -0.51876467)}, {["PlayerAnims"] = {{["Id"] = "rbxassetid://7815618175", ["Name"] = "Animation", ["Time"] = 0.10833334}, {["Id"] = "rbxassetid://7807831448", ["Name"] = "WalkAnim", ["Time"] = 0.16433366}, {["Id"] = "http://www.roblox.com/asset/?id=125750702", ["Name"] = "JumpAnim", ["Time"] = 0.01666667}}, ["DummyCFrame"] = CFrame.new(124.15814209, 440.75671387, 27.35979271, -0.90904164, 0, -0.4167054, 0, 1, 0, 0.4167054, 0, -0.90904164), ["Time"] = 0.33754039, ["DummyAnims"] = {}, ["PlayerCFrame"] = CFrame.new(129.44004822, 441.59078979, 23.98204803, -0.51949102, -7e-08, 0.85447592, -1e-08, 1, 7e-08, -0.85447592, 3e-08, -0.51949102)}, {["PlayerAnims"] = {{["Id"] = "rbxassetid://7815618175", ["Name"] = "Animation", ["Time"] = 0.11666667}, {["Id"] = "rbxassetid://7807831448", ["Name"] = "WalkAnim", ["Time"] = 0.17870148}, {["Id"] = "http://www.roblox.com/asset/?id=125750702", ["Name"] = "JumpAnim", ["Time"] = 0.025}}, ["DummyCFrame"] = CFrame.new(124.15814209, 440.75671387, 27.35979271, -0.90904164, 0, -0.4167054, 0, 1, 0, 0.4167054, 0, -0.90904164), ["Time"] = 0.34287882, ["DummyAnims"] = {}, ["PlayerCFrame"] = CFrame.new(129.26200867, 441.98855591, 24.09024048, -0.52746695, -8e-08, 0.84957558, -2e-08, 1, 9e-08, -0.84957558, 3e-08, -0.52746695)}, {["PlayerAnims"] = {{["Id"] = "rbxassetid://7815618175", ["Name"] = "Animation", ["Time"] = 0.12500001}, {["Id"] = "rbxassetid://7807831448", ["Name"] = "WalkAnim", ["Time"] = 0.19306929}, {["Id"] = "http://www.roblox.com/asset/?id=125750702", ["Name"] = "JumpAnim", ["Time"] = 0.03333334}}, ["DummyCFrame"] = CFrame.new(124.15814209, 440.75671387, 27.35979271, -0.90904164, 0, -0.4167054, 0, 1, 0, 0.4167054, 0, -0.90904164), ["Time"] = 0.34952974, ["DummyAnims"] = {}, ["PlayerCFrame"] = CFrame.new(129.08477783, 442.37268066, 24.19974327, -0.54125154, -1e-07, 0.84086072, -2e-08, 1, 1.1e-07, -0.84086072, 4e-08, -0.54125154)}, {["PlayerAnims"] = {{["Id"] = "rbxassetid://7815618175", ["Name"] = "Animation", ["Time"] = 0.12916668}, {["Id"] = "rbxassetid://7807831448", ["Name"] = "WalkAnim", ["Time"] = 0.2002532}, {["Id"] = "http://www.roblox.com/asset/?id=125750702", ["Name"] = "JumpAnim", ["Time"] = 0.0375}}, ["DummyCFrame"] = CFrame.new(124.15814209, 440.75671387, 27.35979271, -0.90904164, 0, -0.4167054, 0, 1, 0, 0.4167054, 0, -0.90904164), ["Time"] = 0.35561681, ["DummyAnims"] = {}, ["PlayerCFrame"] = CFrame.new(128.99685669, 442.55963135, 24.25559616, -0.56415826, -1.1e-07, 0.82566667, -2e-08, 1, 1.2e-07, -0.82566667, 5e-08, -0.56415826)}, {["PlayerAnims"] = {{["Id"] = "rbxassetid://7815618175", ["Name"] = "Animation", ["Time"] = 0.14166668}, {["Id"] = "rbxassetid://7807831448", ["Name"] = "WalkAnim", ["Time"] = 0.22180493}, {["Id"] = "http://www.roblox.com/asset/?id=125750702", ["Name"] = "JumpAnim", ["Time"] = 0.05}}, ["DummyCFrame"] = CFrame.new(124.15814209, 440.75671387, 27.35979271, -0.90904164, 0, -0.4167054, 0, 1, 0, 0.4167054, 0, -0.90904164), ["Time"] = 0.36772084, ["DummyAnims"] = {}, ["PlayerCFrame"] = CFrame.new(128.73783875, 443.10006714, 24.43037224, -0.60365963, -1.3e-07, 0.79724216, -3e-08, 1, 1.4e-07, -0.79724216, 6e-08, -0.60365963)}, {["PlayerAnims"] = {{["Id"] = "rbxassetid://7815618175", ["Name"] = "Animation", ["Time"] = 0.15000002}, {["Id"] = "rbxassetid://7807831448", ["Name"] = "WalkAnim", ["Time"] = 0.23617275}, {["Id"] = "http://www.roblox.com/asset/?id=125750702", ["Name"] = "JumpAnim", ["Time"] = 0.05833334}, {["Id"] = "rbxassetid://10469493270", ["Name"] = "Animation", ["Time"] = 0.01}}, ["DummyCFrame"] = CFrame.new(124.15814209, 440.75671387, 27.35979271, -0.90904164, 0, -0.4167054, 0, 1, 0, 0.4167054, 0, -0.90904164), ["Time"] = 0.37700915, ["DummyAnims"] = {}, ["PlayerCFrame"] = CFrame.new(128.57221985, 443.44332886, 24.54411125, -0.67982829, -1.4e-07, 0.73337132, -3e-08, 1, 1.6e-07, -0.73337132, 8e-08, -0.67982829)}, {["PlayerAnims"] = {{["Id"] = "rbxassetid://7815618175", ["Name"] = "Animation", ["Time"] = 0.15833336}, {["Id"] = "rbxassetid://7807831448", ["Name"] = "WalkAnim", ["Time"] = 0.25054055}, {["Id"] = "http://www.roblox.com/asset/?id=125750702", ["Name"] = "JumpAnim", ["Time"] = 0.06666667}, {["Id"] = "rbxassetid://10469493270", ["Name"] = "Animation", ["Time"] = 0.02}}, ["DummyCFrame"] = CFrame.new(124.15814209, 440.75671387, 27.35979271, -0.90904164, 0, -0.4167054, 0, 1, 0, 0.4167054, 0, -0.90904164), ["Time"] = 0.38363147, ["DummyAnims"] = {}, ["PlayerCFrame"] = CFrame.new(128.41586304, 443.77297974, 24.65435791, -0.7707594, -1.2e-07, 0.63712627, -3e-08, 1, 1.4e-07, -0.63712627, 9e-08, -0.7707594)}, {["PlayerAnims"] = {{["Id"] = "rbxassetid://7815618175", ["Name"] = "Animation", ["Time"] = 0.16250002}, {["Id"] = "rbxassetid://7807831448", ["Name"] = "WalkAnim", ["Time"] = 0.25772446}, {["Id"] = "http://www.roblox.com/asset/?id=125750702", ["Name"] = "JumpAnim", ["Time"] = 0.07083334}, {["Id"] = "rbxassetid://10469493270", ["Name"] = "Animation", ["Time"] = 0.025}}, ["DummyCFrame"] = CFrame.new(124.15814209, 440.75671387, 27.35979271, -0.90904164, 0, -0.4167054, 0, 1, 0, 0.4167054, 0, -0.90904164), ["Time"] = 0.39036751, ["DummyAnims"] = {}, ["PlayerCFrame"] = CFrame.new(128.34133911, 443.93267822, 24.70888329, -0.82652193, -1e-07, 0.56290448, -3e-08, 1, 1.3e-07, -0.56290448, 9e-08, -0.82652193)}, {["PlayerAnims"] = {{["Id"] = "rbxassetid://7815618175", ["Name"] = "Animation", ["Time"] = 0.17083336}, {["Id"] = "rbxassetid://7807831448", ["Name"] = "WalkAnim", ["Time"] = 0.27209228}, {["Id"] = "http://www.roblox.com/asset/?id=125750702", ["Name"] = "JumpAnim", ["Time"] = 0.07916667}, {["Id"] = "rbxassetid://10469493270", ["Name"] = "Animation", ["Time"] = 0.035}}, ["DummyCFrame"] = CFrame.new(124.15814209, 440.75671387, 27.35979271, -0.90904164, 0, -0.4167054, 0, 1, 0, 0.4167054, 0, -0.90904164), ["Time"] = 0.39706659, ["DummyAnims"] = {}, ["PlayerCFrame"] = CFrame.new(128.19973755, 444.24188232, 24.81807518, -0.8722806, -8e-08, 0.48900566, -3e-08, 1, 1.1e-07, -0.48900566, 9e-08, -0.8722806)}, {["PlayerAnims"] = {{["Id"] = "rbxassetid://7815618175", ["Name"] = "Animation", ["Time"] = 0.1791667}, {["Id"] = "rbxassetid://7807831448", ["Name"] = "WalkAnim", ["Time"] = 0.2864601}, {["Id"] = "http://www.roblox.com/asset/?id=125750702", ["Name"] = "JumpAnim", ["Time"] = 0.08750001}, {["Id"] = "rbxassetid://10469493270", ["Name"] = "Animation", ["Time"] = 0.04500001}}, ["DummyCFrame"] = CFrame.new(124.15814209, 440.75671387, 27.35979271, -0.90904164, 0, -0.4167054, 0, 1, 0, 0.4167054, 0, -0.90904164), ["Time"] = 0.40596342, ["DummyAnims"] = {}, ["PlayerCFrame"] = CFrame.new(128.06802368, 444.53744507, 24.92810822, -0.93905663, -5e-08, 0.34376243, -2e-08, 1, 1e-07, -0.34376243, 8e-08, -0.93905663)}, {["PlayerAnims"] = {{["Id"] = "rbxassetid://7815618175", ["Name"] = "Animation", ["Time"] = 0.18750004}, {["Id"] = "rbxassetid://7807831448", ["Name"] = "WalkAnim", ["Time"] = 0.30082792}, {["Id"] = "http://www.roblox.com/asset/?id=125750702", ["Name"] = "JumpAnim", ["Time"] = 0.09583334}, {["Id"] = "rbxassetid://10469493270", ["Name"] = "Animation", ["Time"] = 0.05500001}}, ["DummyCFrame"] = CFrame.new(124.15814209, 440.75671387, 27.35979271, -0.90904164, 0, -0.4167054, 0, 1, 0, 0.4167054, 0, -0.90904164), ["Time"] = 0.412287, ["DummyAnims"] = {}, ["PlayerCFrame"] = CFrame.new(127.94620514, 444.81939697, 25.03888321, -0.96382666, -4e-08, 0.26652995, -2e-08, 1, 8e-08, -0.26652995, 7e-08, -0.96382666)}, {["PlayerAnims"] = {{["Id"] = "rbxassetid://7815618175", ["Name"] = "Animation", ["Time"] = 0.19166671}, {["Id"] = "rbxassetid://7807831448", ["Name"] = "WalkAnim", ["Time"] = 0.30801183}, {["Id"] = "http://www.roblox.com/asset/?id=125750702", ["Name"] = "JumpAnim", ["Time"] = 0.10000001}, {["Id"] = "rbxassetid://10469493270", ["Name"] = "Animation", ["Time"] = 0.06000001}}, ["DummyCFrame"] = CFrame.new(124.15814209, 440.75671387, 27.35979271, -0.90904164, 0, -0.4167054, 0, 1, 0, 0.4167054, 0, -0.90904164), ["Time"] = 0.418957, ["DummyAnims"] = {}, ["PlayerCFrame"] = CFrame.new(127.8890152, 444.95526123, 25.09445381, -0.97514248, -3e-08, 0.22157864, -2e-08, 1, 7e-08, -0.22157864, 7e-08, -0.97514248)}, {["PlayerAnims"] = {{["Id"] = "rbxassetid://7815618175", ["Name"] = "Animation", ["Time"] = 0.20000005}, {["Id"] = "http://www.roblox.com/asset/?id=125750702", ["Name"] = "JumpAnim", ["Time"] = 0.10833334}, {["Id"] = "rbxassetid://10469493270", ["Name"] = "Animation", ["Time"] = 0.07000001}}, ["DummyCFrame"] = CFrame.new(124.15814209, 440.75671387, 27.35979271, -0.90904164, 0, -0.4167054, 0, 1, 0, 0.4167054, 0, -0.90904164), ["Time"] = 0.42526221, ["DummyAnims"] = {}, ["PlayerCFrame"] = CFrame.new(127.78208923, 445.21676636, 25.20572662, -0.98619592, -2e-08, 0.16558267, -1e-08, 1, 5e-08, -0.16558267, 5e-08, -0.98619592)}, {["PlayerAnims"] = {{["Id"] = "rbxassetid://7815618175", ["Name"] = "Animation", ["Time"] = 0.20833339}, {["Id"] = "http://www.roblox.com/asset/?id=125750702", ["Name"] = "JumpAnim", ["Time"] = 0.11666667}, {["Id"] = "rbxassetid://10469493270", ["Name"] = "Animation", ["Time"] = 0.08000001}}, ["DummyCFrame"] = CFrame.new(124.15814209, 440.75671387, 27.35979271, -0.90904164, 0, -0.4167054, 0, 1, 0, 0.4167054, 0, -0.90904164), ["Time"] = 0.43184066, ["DummyAnims"] = {}, ["PlayerCFrame"] = CFrame.new(127.68508911, 445.46466064, 25.31707764, -0.98944432, -1e-08, 0.14491345, -1e-08, 1, 4e-08, -0.14491345, 4e-08, -0.98944432)}, {["PlayerAnims"] = {{["Id"] = "rbxassetid://7815618175", ["Name"] = "Animation", ["Time"] = 0.21250005}, {["Id"] = "http://www.roblox.com/asset/?id=125750702", ["Name"] = "JumpAnim", ["Time"] = 0.12083334}, {["Id"] = "rbxassetid://10469493270", ["Name"] = "Animation", ["Time"] = 0.08500001}}, ["DummyCFrame"] = CFrame.new(124.15814209, 440.75671387, 27.35979271, -0.90904164, 0, -0.4167054, 0, 1, 0, 0.4167054, 0, -0.90904164), ["Time"] = 0.4382205, ["DummyAnims"] = {}, ["PlayerCFrame"] = CFrame.new(127.64031219, 445.58349609, 25.37274933, -0.9870798, -1e-08, 0.16022928, -0.0, 1, 3e-08, -0.16022928, 3e-08, -0.9870798)}, {["PlayerAnims"] = {{["Id"] = "rbxassetid://7815618175", ["Name"] = "Animation", ["Time"] = 0.22083339}, {["Id"] = "http://www.roblox.com/asset/?id=125750702", ["Name"] = "JumpAnim", ["Time"] = 0.12916668}, {["Id"] = "rbxassetid://10469493270", ["Name"] = "Animation", ["Time"] = 0.09500001}}, ["DummyCFrame"] = CFrame.new(124.15814209, 440.75671387, 27.35979271, -0.90904164, 0, -0.4167054, 0, 1, 0, 0.4167054, 0, -0.90904164), ["Time"] = 0.44380379, ["DummyAnims"] = {}, ["PlayerCFrame"] = CFrame.new(127.55820465, 445.8109436, 25.4840374, -0.99116898, 0.0, 0.13260503, 0.0, 1, 2e-08, -0.13260503, 2e-08, -0.99116898)}, {["PlayerAnims"] = {{["Id"] = "rbxassetid://7815618175", ["Name"] = "Animation", ["Time"] = 0.22500005}, {["Id"] = "http://www.roblox.com/asset/?id=125750702", ["Name"] = "JumpAnim", ["Time"] = 0.13333334}, {["Id"] = "rbxassetid://10469493270", ["Name"] = "Animation", ["Time"] = 0.10000001}}, ["DummyCFrame"] = CFrame.new(124.15814209, 440.75671387, 27.35979271, -0.90904164, 0, -0.4167054, 0, 1, 0, 0.4167054, 0, -0.90904164), ["Time"] = 0.44897771, ["DummyAnims"] = {}, ["PlayerCFrame"] = CFrame.new(127.52087402, 445.91955566, 25.53965187, -0.98745656, 1e-08, 0.15789087, 1e-08, 1, 1e-08, -0.15789087, 1e-08, -0.98745656)}, {["PlayerAnims"] = {{["Id"] = "rbxassetid://7815618175", ["Name"] = "Animation", ["Time"] = 0.22916672}, {["Id"] = "http://www.roblox.com/asset/?id=125750702", ["Name"] = "JumpAnim", ["Time"] = 0.1375}, {["Id"] = "rbxassetid://10469493270", ["Name"] = "Animation", ["Time"] = 0.10500001}}, ["DummyCFrame"] = CFrame.new(124.15814209, 440.75671387, 27.35979271, -0.90904164, 0, -0.4167054, 0, 1, 0, 0.4167054, 0, -0.90904164), ["Time"] = 0.45753384, ["DummyAnims"] = {}, ["PlayerCFrame"] = CFrame.new(127.48603058, 446.02474976, 25.59524536, -0.9874683, 1e-08, 0.15781745, 1e-08, 1, 0.0, -0.15781745, 0.0, -0.9874683)}, {["PlayerAnims"] = {{["Id"] = "rbxassetid://7815618175", ["Name"] = "Animation", ["Time"] = 0.23750006}, {["Id"] = "http://www.roblox.com/asset/?id=125750702", ["Name"] = "JumpAnim", ["Time"] = 0.14583334}, {["Id"] = "rbxassetid://10469493270", ["Name"] = "Animation", ["Time"] = 0.11500001}}, ["DummyCFrame"] = CFrame.new(124.15814209, 440.75671387, 27.35979271, -0.90904164, 0, -0.4167054, 0, 1, 0, 0.4167054, 0, -0.90904164), ["Time"] = 0.464252, ["DummyAnims"] = {}, ["PlayerCFrame"] = CFrame.new(127.42378235, 446.22494507, 25.7063694, -0.99126047, 2e-08, 0.13191943, 2e-08, 1, -1e-08, -0.13191943, -1e-08, -0.99126047)}, {["PlayerAnims"] = {{["Id"] = "rbxassetid://7815618175", ["Name"] = "Animation", ["Time"] = 0.2458334}, {["Id"] = "http://www.roblox.com/asset/?id=125750702", ["Name"] = "JumpAnim", ["Time"] = 0.15416668}, {["Id"] = "rbxassetid://10469493270", ["Name"] = "Animation", ["Time"] = 0.12500001}}, ["DummyCFrame"] = CFrame.new(124.15814209, 440.75671387, 27.35979271, -0.90904164, 0, -0.4167054, 0, 1, 0, 0.4167054, 0, -0.90904164), ["Time"] = 0.47224355, ["DummyAnims"] = {}, ["PlayerCFrame"] = CFrame.new(127.37146759, 446.41152954, 25.81741142, -0.99126875, 3e-08, 0.13185683, 2e-08, 1, -3e-08, -0.13185683, -3e-08, -0.99126875)}, {["PlayerAnims"] = {{["Id"] = "http://www.roblox.com/asset/?id=125750702", ["Name"] = "JumpAnim", ["Time"] = 0.16250002}, {["Id"] = "rbxassetid://10469493270", ["Name"] = "Animation", ["Time"] = 0.13500002}}, ["DummyCFrame"] = CFrame.new(124.15814209, 440.75671387, 27.35979271, -0.90904164, 0, -0.4167054, 0, 1, 0, 0.4167054, 0, -0.90904164), ["Time"] = 0.47875142, ["DummyAnims"] = {}, ["PlayerCFrame"] = CFrame.new(127.3290863, 446.58447266, 25.92837143, -0.99127162, 4e-08, 0.13183554, 3e-08, 1, -4e-08, -0.13183554, -4e-08, -0.99127162)}, {["PlayerAnims"] = {{["Id"] = "http://www.roblox.com/asset/?id=125750702", ["Name"] = "JumpAnim", ["Time"] = 0.17083336}, {["Id"] = "rbxassetid://10469493270", ["Name"] = "Animation", ["Time"] = 0.14500003}}, ["DummyCFrame"] = CFrame.new(124.15814209, 440.75671387, 27.35979271, -0.90904164, 0, -0.4167054, 0, 1, 0, 0.4167054, 0, -0.90904164), ["Time"] = 0.49038267, ["DummyAnims"] = {}, ["PlayerCFrame"] = CFrame.new(127.29582977, 446.74380493, 26.03594971, -0.99225813, 4e-08, 0.12419241, 4e-08, 1, -6e-08, -0.12419241, -5e-08, -0.99225813)}, {["PlayerAnims"] = {{["Id"] = "http://www.roblox.com/asset/?id=125750702", ["Name"] = "JumpAnim", ["Time"] = 0.18333337}, {["Id"] = "rbxassetid://10469493270", ["Name"] = "Animation", ["Time"] = 0.16000003}}, ["DummyCFrame"] = CFrame.new(124.15814209, 440.75671387, 27.35979271, -0.90904164, 0, -0.4167054, 0, 1, 0, 0.4167054, 0, -0.90904164), ["Time"] = 0.4981246, ["DummyAnims"] = {}, ["PlayerCFrame"] = CFrame.new(127.26256561, 446.95724487, 26.18891335, -0.99618989, 6e-08, 0.08721041, 5e-08, 1, -8e-08, -0.08721041, -7e-08, -0.99618989)}, {["PlayerAnims"] = {{["Id"] = "http://www.roblox.com/asset/?id=125750702", ["Name"] = "JumpAnim", ["Time"] = 0.19166671}, {["Id"] = "rbxassetid://10469493270", ["Name"] = "Animation", ["Time"] = 0.17000003}}, ["DummyCFrame"] = CFrame.new(124.15814209, 440.75671387, 27.35979271, -0.90904164, 0, -0.4167054, 0, 1, 0, 0.4167054, 0, -0.90904164), ["Time"] = 0.5065217, ["DummyAnims"] = {}, ["PlayerCFrame"] = CFrame.new(127.25146484, 447.08248901, 26.28528595, -0.99300426, 7e-08, 0.11807839, 6e-08, 1, -9e-08, -0.11807839, -8e-08, -0.99300426)}, {["PlayerAnims"] = {{["Id"] = "http://www.roblox.com/asset/?id=125750702", ["Name"] = "JumpAnim", ["Time"] = 0.19583337}, {["Id"] = "rbxassetid://10469493270", ["Name"] = "Animation", ["Time"] = 0.17500003}}, ["DummyCFrame"] = CFrame.new(124.15814209, 440.75671387, 27.35979271, -0.90904164, 0, -0.4167054, 0, 1, 0, 0.4167054, 0, -0.90904164), ["Time"] = 0.51324749, ["DummyAnims"] = {}, ["PlayerCFrame"] = CFrame.new(127.24923706, 447.14001465, 26.33179092, -0.98857278, 8e-08, 0.15074444, 6e-08, 1, -1e-07, -0.15074444, -9e-08, -0.98857278)}, {["PlayerAnims"] = {{["Id"] = "http://www.roblox.com/asset/?id=125750702", ["Name"] = "JumpAnim", ["Time"] = 0.20416671}, {["Id"] = "rbxassetid://10469493270", ["Name"] = "Animation", ["Time"] = 0.18500003}}, ["DummyCFrame"] = CFrame.new(124.15814209, 440.75671387, 27.35979271, -0.90904164, 0, -0.4167054, 0, 1, 0, 0.4167054, 0, -0.90904164), ["Time"] = 0.51957417, ["DummyAnims"] = {}, ["PlayerCFrame"] = CFrame.new(127.2514267, 447.24484253, 26.42144012, -0.99304634, 8e-08, 0.11772395, 7e-08, 1, -1.1e-07, -0.11772395, -1e-07, -0.99304634)}, {["PlayerAnims"] = {{["Id"] = "http://www.roblox.com/asset/?id=125750702", ["Name"] = "JumpAnim", ["Time"] = 0.20833337}, {["Id"] = "rbxassetid://10469493270", ["Name"] = "Animation", ["Time"] = 0.19000003}}, ["DummyCFrame"] = CFrame.new(124.15814209, 440.75671387, 27.35979271, -0.90904164, 0, -0.4167054, 0, 1, 0, 0.4167054, 0, -0.90904164), ["Time"] = 0.52604437, ["DummyAnims"] = {}, ["PlayerCFrame"] = CFrame.new(127.25584412, 447.29214478, 26.46458435, -0.98858428, 9e-08, 0.1506691, 8e-08, 1, -1.2e-07, -0.1506691, -1e-07, -0.98858428)}, {["PlayerAnims"] = {{["Id"] = "http://www.roblox.com/asset/?id=125750702", ["Name"] = "JumpAnim", ["Time"] = 0.21666671}, {["Id"] = "rbxassetid://10469493270", ["Name"] = "Animation", ["Time"] = 0.20000003}}, ["DummyCFrame"] = CFrame.new(124.15814209, 440.75671387, 27.35979271, -0.90904164, 0, -0.4167054, 0, 1, 0, 0.4167054, 0, -0.90904164), ["Time"] = 0.53450537, ["DummyAnims"] = {}, ["PlayerCFrame"] = CFrame.new(127.27133179, 447.37652588, 26.54751015, -0.99305463, 1e-07, 0.11765422, 9e-08, 1, -1.3e-07, -0.11765422, -1.2e-07, -0.99305463)}, {["PlayerAnims"] = {{["Id"] = "http://www.roblox.com/asset/?id=125750702", ["Name"] = "JumpAnim", ["Time"] = 0.22500005}, {["Id"] = "rbxassetid://10469493270", ["Name"] = "Animation", ["Time"] = 0.21000004}}, ["DummyCFrame"] = CFrame.new(124.15814209, 440.75671387, 27.35979271, -0.90904164, 0, -0.4167054, 0, 1, 0, 0.4167054, 0, -0.90904164), ["Time"] = 0.54114294, ["DummyAnims"] = {}, ["PlayerCFrame"] = CFrame.new(127.29567719, 447.44729614, 26.62595558, -0.99305594, 1e-07, 0.1176431, 9e-08, 1, -1.3e-07, -0.1176431, -1.1e-07, -0.99305594)}, {["PlayerAnims"] = {{["Id"] = "http://www.roblox.com/asset/?id=125750702", ["Name"] = "JumpAnim", ["Time"] = 0.22916672}, {["Id"] = "rbxassetid://10469493270", ["Name"] = "Animation", ["Time"] = 0.21500003}}, ["DummyCFrame"] = CFrame.new(124.15814209, 440.75671387, 27.35979271, -0.90904164, 0, -0.4167054, 0, 1, 0, 0.4167054, 0, -0.90904164), ["Time"] = 0.54807973, ["DummyAnims"] = {}, ["PlayerCFrame"] = CFrame.new(127.31117249, 447.47756958, 26.66349792, -0.9885869, 1e-07, 0.15065151, 9e-08, 1, -1.2e-07, -0.15065151, -1e-07, -0.9885869)}, {["PlayerAnims"] = {{["Id"] = "http://www.roblox.com/asset/?id=125750702", ["Name"] = "JumpAnim", ["Time"] = 0.23750006}, {["Id"] = "rbxassetid://10469493270", ["Name"] = "Animation", ["Time"] = 0.22500004}}, ["DummyCFrame"] = CFrame.new(124.15814209, 440.75671387, 27.35979271, -0.90904164, 0, -0.4167054, 0, 1, 0, 0.4167054, 0, -0.90904164), ["Time"] = 0.55604243, ["DummyAnims"] = {}, ["PlayerCFrame"] = CFrame.new(127.34880829, 447.52789307, 26.73521996, -0.99305654, 9e-08, 0.11763789, 8e-08, 1, -1e-07, -0.11763789, -9e-08, -0.99305654)}, {["PlayerAnims"] = {{["Id"] = "http://www.roblox.com/asset/?id=125750702", ["Name"] = "JumpAnim", ["Time"] = 0.25000006}, {["Id"] = "rbxassetid://10469493270", ["Name"] = "Animation", ["Time"] = 0.24000004}}, ["DummyCFrame"] = CFrame.new(124.15814209, 440.75671387, 27.35979271, -0.90904164, 0, -0.4167054, 0, 1, 0, 0.4167054, 0, -0.90904164), ["Time"] = 0.56678319, ["DummyAnims"] = {{["Id"] = "rbxassetid://10473655645", ["Name"] = "Animation", ["Time"] = 0.0125}}, ["PlayerCFrame"] = CFrame.new(127.21974182, 447.52996826, 26.81834221, -0.99642408, 7e-08, 0.08449313, 7e-08, 1, -7e-08, -0.08449313, -7e-08, -0.99642408)}, {["PlayerAnims"] = {{["Id"] = "http://www.roblox.com/asset/?id=125750702", ["Name"] = "JumpAnim", ["Time"] = 0.25416672}, {["Id"] = "rbxassetid://10469493270", ["Name"] = "Animation", ["Time"] = 0.24500003}}, ["DummyCFrame"] = CFrame.new(124.15814209, 440.75671387, 27.35979271, -0.90904164, 0, -0.4167054, 0, 1, 0, 0.4167054, 0, -0.90904164), ["Time"] = 0.57432628, ["DummyAnims"] = {{["Id"] = "rbxassetid://10473655645", ["Name"] = "Animation", ["Time"] = 0.01666667}}, ["PlayerCFrame"] = CFrame.new(127.17684174, 447.52996826, 26.84581375, -0.98858708, 7e-08, 0.15065044, 6e-08, 1, -7e-08, -0.15065044, -6e-08, -0.98858708)}, {["PlayerAnims"] = {{["Id"] = "http://www.roblox.com/asset/?id=125750702", ["Name"] = "JumpAnim", ["Time"] = 0.26666671}, {["Id"] = "rbxassetid://10469493270", ["Name"] = "Animation", ["Time"] = 0.26000005}}, ["DummyCFrame"] = CFrame.new(124.14861298, 440.75671387, 27.36577988, -0.90904164, 0, -0.4167054, 0, 1, 0, 0.4167054, 0, -0.90904164), ["Time"] = 0.58272457, ["DummyAnims"] = {{["Id"] = "rbxassetid://10473655645", ["Name"] = "Animation", ["Time"] = 0.02916667}}, ["PlayerCFrame"] = CFrame.new(127.04814148, 447.52996826, 26.92822838, -0.99642414, 6e-08, 0.08449231, 5e-08, 1, -4e-08, -0.08449231, -4e-08, -0.99642414)}, {["PlayerAnims"] = {{["Id"] = "http://www.roblox.com/asset/?id=125750702", ["Name"] = "JumpAnim", ["Time"] = 0.27500004}, {["Id"] = "rbxassetid://10469493270", ["Name"] = "Animation", ["Time"] = 0.27000004}}, ["DummyCFrame"] = CFrame.new(124.14861298, 440.75671387, 27.36577988, -0.90904164, 0, -0.4167054, 0, 1, 0, 0.4167054, 0, -0.90904164), ["Time"] = 0.59202671, ["DummyAnims"] = {{["Id"] = "rbxassetid://10473655645", ["Name"] = "Animation", ["Time"] = 0.0375}}, ["PlayerCFrame"] = CFrame.new(126.96234131, 447.52996826, 26.98317146, -0.99305677, 5e-08, 0.11763631, 5e-08, 1, -3e-08, -0.11763631, -2e-08, -0.99305677)}, {["PlayerAnims"] = {{["Id"] = "http://www.roblox.com/asset/?id=125750702", ["Name"] = "JumpAnim", ["Time"] = 0.28333336}, {["Id"] = "rbxassetid://10469493270", ["Name"] = "Animation", ["Time"] = 0.28000003}}, ["DummyCFrame"] = CFrame.new(124.1367569, 440.75671387, 27.37322235, -0.90904164, 0, -0.4167054, 0, 1, 0, 0.4167054, 0, -0.90904164), ["Time"] = 0.59939432, ["DummyAnims"] = {{["Id"] = "rbxassetid://10473655645", ["Name"] = "Animation", ["Time"] = 0.04583333}}, ["PlayerCFrame"] = CFrame.new(126.87654114, 447.52996826, 27.03811455, -0.99305671, 4e-08, 0.11763677, 4e-08, 1, -2e-08, -0.11763677, -1e-08, -0.99305671)}, {["PlayerAnims"] = {{["Id"] = "http://www.roblox.com/asset/?id=125750702", ["Name"] = "JumpAnim", ["Time"] = 0.29166669}, {["Id"] = "rbxassetid://10469493270", ["Name"] = "Animation", ["Time"] = 0.29000002}}, ["DummyCFrame"] = CFrame.new(124.1367569, 440.75671387, 27.37322235, -0.90904164, 0, -0.4167054, 0, 1, 0, 0.4167054, 0, -0.90904164), ["Time"] = 0.61022592, ["DummyAnims"] = {{["Id"] = "rbxassetid://