return {["StartTime"] = 1759538768.7812045, ["Frames"] = {{["PlayerAnims"] = {{["Id"] = "rbxassetid://7815618175", ["Name"] = "Animation", ["Time"] = 0.40416661}, {["Id"] = "rbxassetid://7807831448", ["Name"] = "WalkAnim", ["Time"] = 0.65333521}}, ["DummyCFrame"] = CFrame.new(139.27555847, 440.75671387, 4.33600378, -0.81550384, 0, -0.57875234, 0, 1, 0, 0.57875234, 0, -0.81550384), ["Time"] = 0.02870274, ["DummyAnims"] = {}, ["PlayerCFrame"] = CFrame.new(140.20448303, 440.75439453, 15.68068504, 0.43611822, -5e-08, -0.89988935, 1e-07, 1, -1e-08, 0.89988935, -8e-08, 0.43611822)}, {["PlayerAnims"] = {{["Id"] = "rbxassetid://7815618175", ["Name"] = "Animation", ["Time"] = 0.41249993}, {["Id"] = "rbxassetid://7807831448", ["Name"] = "WalkAnim", ["Time"] = 0.00057876}}, ["DummyCFrame"] = CFrame.new(139.27555847, 440.75671387, 4.33600378, -0.81550384, 0, -0.57875234, 0, 1, 0, 0.57875234, 0, -0.81550384), ["Time"] = 0.03664398, ["DummyAnims"] = {}, ["PlayerCFrame"] = CFrame.new(140.39373779, 440.75439453, 15.59390736, 0.44482207, -6e-08, -0.89561898, 1.1e-07, 1, -1e-08, 0.89561898, -9e-08, 0.44482207)}, {["PlayerAnims"] = {{["Id"] = "rbxassetid://7815618175", ["Name"] = "Animation", ["Time"] = 0.4166666}, {["Id"] = "rbxassetid://7807831448", ["Name"] = "WalkAnim", ["Time"] = 0.00753386}}, ["DummyCFrame"] = CFrame.new(139.27555847, 440.75671387, 4.33600378, -0.81550384, 0, -0.57875234, 0, 1, 0, 0.57875234, 0, -0.81550384), ["Time"] = 0.0446682, ["DummyAnims"] = {}, ["PlayerCFrame"] = CFrame.new(140.48738098, 440.75439453, 15.54832935, 0.49384257, -6e-08, -0.8695513, 1.1e-07, 1, -1e-08, 0.8695513, -9e-08, 0.49384257)}, {["PlayerAnims"] = {{["Id"] = "rbxassetid://7815618175", ["Name"] = "Animation", ["Time"] = 0.42499992}, {["Id"] = "rbxassetid://7807831448", ["Name"] = "WalkAnim", ["Time"] = 0.02144407}}, ["DummyCFrame"] = CFrame.new(139.27555847, 440.75671387, 4.33600378, -0.81550384, 0, -0.57875234, 0, 1, 0, 0.57875234, 0, -0.81550384), ["Time"] = 0.05182528, ["DummyAnims"] = {}, ["PlayerCFrame"] = CFrame.new(140.67010498, 440.75439453, 15.44846916, 0.55827302, -7e-08, -0.82965732, 1.2e-07, 1, -1e-08, 0.82965732, -1e-07, 0.55827302)}, {["PlayerAnims"] = {{["Id"] = "rbxassetid://7815618175", ["Name"] = "Animation", ["Time"] = 0.43333325}, {["Id"] = "rbxassetid://7807831448", ["Name"] = "WalkAnim", ["Time"] = 0.03535428}}, ["DummyCFrame"] = CFrame.new(139.27555847, 440.75671387, 4.33600378, -0.81550384, 0, -0.57875234, 0, 1, 0, 0.57875234, 0, -0.81550384), ["Time"] = 0.05924463, ["DummyAnims"] = {}, ["PlayerCFrame"] = CFrame.new(140.84532166, 440.75439453, 15.33604813, 0.5792948, -8e-08, -0.81511813, 1.3e-07, 1, -0.0, 0.81511813, -1.1e-07, 0.5792948)}, {["PlayerAnims"] = {{["Id"] = "rbxassetid://7815618175", ["Name"] = "Animation", ["Time"] = 0.44166657}, {["Id"] = "rbxassetid://7807831448", ["Name"] = "WalkAnim", ["Time"] = 0.04926448}}, ["DummyCFrame"] = CFrame.new(139.27555847, 440.75671387, 4.33600378, -0.81550384, 0, -0.57875234, 0, 1, 0, 0.57875234, 0, -0.81550384), ["Time"] = 0.06808567, ["DummyAnims"] = {}, ["PlayerCFrame"] = CFrame.new(141.01625061, 440.75439453, 15.2170372, 0.63255614, -6e-08, -0.7745145, 1e-07, 1, 0.0, 0.7745145, -8e-08, 0.63255614)}, {["PlayerAnims"] = {{["Id"] = "rbxassetid://7815618175", ["Name"] = "Animation", ["Time"] = 0.45416656}, {["Id"] = "rbxassetid://7807831448", ["Name"] = "WalkAnim", ["Time"] = 0.0701298}}, ["DummyCFrame"] = CFrame.new(139.27555847, 440.75671387, 4.33600378, -0.81550384, 0, -0.57875234, 0, 1, 0, 0.57875234, 0, -0.81550384), ["Time"] = 0.07698774, ["DummyAnims"] = {}, ["PlayerCFrame"] = CFrame.new(141.26086426, 440.75439453, 15.02277565, 0.6574735, -4e-08, -0.75347769, 6e-08, 1, 0.0, 0.75347769, -5e-08, 0.6574735)}, {["PlayerAnims"] = {{["Id"] = "rbxassetid://7815618175", ["Name"] = "Animation", ["Time"] = 0.45833322}, {["Id"] = "rbxassetid://7807831448", ["Name"] = "WalkAnim", ["Time"] = 0.0770849}}, ["DummyCFrame"] = CFrame.new(139.27555847, 440.75671387, 4.33600378, -0.81550384, 0, -0.57875234, 0, 1, 0, 0.57875234, 0, -0.81550384), ["Time"] = 0.08438277, ["DummyAnims"] = {}, ["PlayerCFrame"] = CFrame.new(141.34025574, 440.75100708, 14.95538044, 0.69257718, -3e-08, -0.72134376, 5e-08, 1, 0.0, 0.72134376, -4e-08, 0.69257718)}, {["PlayerAnims"] = {{["Id"] = "rbxassetid://7815618175", ["Name"] = "Animation", ["Time"] = 0.47083321}, {["Id"] = "rbxassetid://7807831448", ["Name"] = "WalkAnim", ["Time"] = 0.09795021}}, ["DummyCFrame"] = CFrame.new(139.27555847, 440.75671387, 4.33600378, -0.81550384, 0, -0.57875234, 0, 1, 0, 0.57875234, 0, -0.81550384), ["Time"] = 0.09389806, ["DummyAnims"] = {}, ["PlayerCFrame"] = CFrame.new(141.56809998, 440.74832153, 14.74164867, 0.71941203, -0.0, -0.69458359, 1e-08, 1, 0.0, 0.69458359, -1e-08, 0.71941203)}, {["PlayerAnims"] = {{["Id"] = "rbxassetid://7815618175", ["Name"] = "Animation", ["Time"] = 0.47916654}, {["Id"] = "rbxassetid://7807831448", ["Name"] = "WalkAnim", ["Time"] = 0.11186041}}, ["DummyCFrame"] = CFrame.new(139.27555847, 440.75671387, 4.33600378, -0.81550384, 0, -0.57875234, 0, 1, 0, 0.57875234, 0, -0.81550384), ["Time"] = 0.10214782, ["DummyAnims"] = {}, ["PlayerCFrame"] = CFrame.new(141.71435547, 440.74850464, 14.59334183, 0.77106875, 1e-08, -0.63675189, -2e-08, 1, 0.0, 0.63675189, 1e-08, 0.77106875)}, {["PlayerAnims"] = {{["Id"] = "rbxassetid://7815618175", ["Name"] = "Animation", ["Time"] = 0.48749986}, {["Id"] = "rbxassetid://7807831448", ["Name"] = "WalkAnim", ["Time"] = 0.12577061}}, ["DummyCFrame"] = CFrame.new(139.27555847, 440.75671387, 4.33600378, -0.81550384, 0, -0.57875234, 0, 1, 0, 0.57875234, 0, -0.81550384), ["Time"] = 0.11124969, ["DummyAnims"] = {}, ["PlayerCFrame"] = CFrame.new(141.85032654, 440.7489624, 14.43569756, 0.82957828, 3e-08, -0.55839044, -4e-08, 1, -0.0, 0.55839044, 3e-08, 0.82957828)}, {["PlayerAnims"] = {{["Id"] = "rbxassetid://7815618175", ["Name"] = "Animation", ["Time"] = 0.49583319}, {["Id"] = "rbxassetid://7807831448", ["Name"] = "WalkAnim", ["Time"] = 0.13968082}}, ["DummyCFrame"] = CFrame.new(139.27555847, 440.75671387, 4.33600378, -0.81550384, 0, -0.57875234, 0, 1, 0, 0.57875234, 0, -0.81550384), ["Time"] = 0.12196517, ["DummyAnims"] = {}, ["PlayerCFrame"] = CFrame.new(141.97134399, 440.74966431, 14.26643276, 0.87720877, 5e-08, -0.48010916, -7e-08, 1, -1e-08, 0.48010916, 4e-08, 0.87720877)}, {["PlayerAnims"] = {{["Id"] = "rbxassetid://7815618175", ["Name"] = "Animation", ["Time"] = 0.50416654}, {["Id"] = "rbxassetid://7807831448", ["Name"] = "WalkAnim", ["Time"] = 0.15359102}}, ["DummyCFrame"] = CFrame.new(139.27555847, 440.75671387, 4.33600378, -0.81550384, 0, -0.57875234, 0, 1, 0, 0.57875234, 0, -0.81550384), ["Time"] = 0.1298151, ["DummyAnims"] = {}, ["PlayerCFrame"] = CFrame.new(142.07621765, 440.75015259, 14.08674049, 0.92199242, 8e-08, -0.38720798, -9e-08, 1, -2e-08, 0.38720798, 5e-08, 0.92199242)}, {["PlayerAnims"] = {{["Id"] = "rbxassetid://7815618175", ["Name"] = "Animation", ["Time"] = 0.51249987}, {["Id"] = "rbxassetid://7807831448", ["Name"] = "WalkAnim", ["Time"] = 0.16750123}}, ["DummyCFrame"] = CFrame.new(139.27555847, 440.75671387, 4.33600378, -0.81550384, 0, -0.57875234, 0, 1, 0, 0.57875234, 0, -0.81550384), ["Time"] = 0.13857508, ["DummyAnims"] = {}, ["PlayerCFrame"] = CFrame.new(142.16282654, 440.75088501, 13.89760303, 0.97689223, 9e-08, -0.21373241, -1e-07, 1, -3e-08, 0.21373241, 5e-08, 0.97689223)}, {["PlayerAnims"] = {{["Id"] = "rbxassetid://7815618175", ["Name"] = "Animation", ["Time"] = 0.52083319}, {["Id"] = "rbxassetid://7807831448", ["Name"] = "WalkAnim", ["Time"] = 0.18141143}}, ["DummyCFrame"] = CFrame.new(139.27555847, 440.75671387, 4.33600378, -0.81550384, 0, -0.57875234, 0, 1, 0, 0.57875234, 0, -0.81550384), ["Time"] = 0.14620948, ["DummyAnims"] = {}, ["PlayerCFrame"] = CFrame.new(142.21817017, 440.7479248, 13.69760418, 0.98575628, 8e-08, -0.16817999, -8e-08, 1, -3e-08, 0.16817999, 4e-08, 0.98575628)}, {["PlayerAnims"] = {{["Id"] = "rbxassetid://7815618175", ["Name"] = "Animation", ["Time"] = 0.52916652}, {["Id"] = "rbxassetid://7807831448", ["Name"] = "WalkAnim", ["Time"] = 0.19532163}}, ["DummyCFrame"] = CFrame.new(139.27555847, 440.75671387, 4.33600378, -0.81550384, 0, -0.57875234, 0, 1, 0, 0.57875234, 0, -0.81550384), ["Time"] = 0.15424323, ["DummyAnims"] = {}, ["PlayerCFrame"] = CFrame.new(142.25759888, 440.7460022, 13.49328804, 0.99785745, 7e-08, -0.06542575, -7e-08, 1, -3e-08, 0.06542575, 3e-08, 0.99785745)}, {["PlayerAnims"] = {{["Id"] = "rbxassetid://7815618175", ["Name"] = "Animation", ["Time"] = 0.53749985}, {["Id"] = "rbxassetid://7807831448", ["Name"] = "WalkAnim", ["Time"] = 0.20923184}}, ["DummyCFrame"] = CFrame.new(139.27555847, 440.75671387, 4.33600378, -0.81550384, 0, -0.57875234, 0, 1, 0, 0.57875234, 0, -0.81550384), ["Time"] = 0.16099167, ["DummyAnims"] = {}, ["PlayerCFrame"] = CFrame.new(142.27780151, 440.74649048, 13.2862339, 0.99997342, 6e-08, 0.00729381, -6e-08, 1, -3e-08, -0.00729381, 3e-08, 0.99997342)}, {["PlayerAnims"] = {{["Id"] = "rbxassetid://7815618175", ["Name"] = "Animation", ["Time"] = 0.54583317}, {["Id"] = "rbxassetid://7807831448", ["Name"] = "WalkAnim", ["Time"] = 0.22314204}}, ["DummyCFrame"] = CFrame.new(139.27555847, 440.75671387, 4.33600378, -0.81550384, 0, -0.57875234, 0, 1, 0, 0.57875234, 0, -0.81550384), ["Time"] = 0.16899681, ["DummyAnims"] = {}, ["PlayerCFrame"] = CFrame.new(142.28137207, 440.74761963, 13.07814026, 0.99961895, 5e-08, 0.02760287, -5e-08, 1, -3e-08, -0.02760287, 3e-08, 0.99961895)}, {["PlayerAnims"] = {{["Id"] = "rbxassetid://7815618175", ["Name"] = "Animation", ["Time"] = 0.5541665}, {["Id"] = "rbxassetid://7807831448", ["Name"] = "WalkAnim", ["Time"] = 0.23705225}}, ["DummyCFrame"] = CFrame.new(139.27555847, 440.75671387, 4.33600378, -0.81550384, 0, -0.57875234, 0, 1, 0, 0.57875234, 0, -0.81550384), ["Time"] = 0.17670631, ["DummyAnims"] = {}, ["PlayerCFrame"] = CFrame.new(142.27752686, 440.74899292, 12.8698988, 0.99840957, 4e-08, 0.05637671, -4e-08, 1, -3e-08, -0.05637671, 2e-08, 0.99840957)}, {["PlayerAnims"] = {{["Id"] = "rbxassetid://7815618175", ["Name"] = "Animation", ["Time"] = 0.55833316}, {["Id"] = "rbxassetid://7807831448", ["Name"] = "WalkAnim", ["Time"] = 0.24400735}}, ["DummyCFrame"] = CFrame.new(139.27555847, 440.75671387, 4.33600378, -0.81550384, 0, -0.57875234, 0, 1, 0, 0.57875234, 0, -0.81550384), ["Time"] = 0.18397903, ["DummyAnims"] = {}, ["PlayerCFrame"] = CFrame.new(142.272995, 440.74966431, 12.76585102, 0.99746108, 3e-08, 0.0712136, -3e-08, 1, -2e-08, -0.0712136, 2e-08, 0.99746108)}, {["PlayerAnims"] = {{["Id"] = "rbxassetid://7815618175", ["Name"] = "Animation", ["Time"] = 0.56666648}, {["Id"] = "rbxassetid://7807831448", ["Name"] = "WalkAnim", ["Time"] = 0.25791755}}, ["DummyCFrame"] = CFrame.new(139.27555847, 440.75671387, 4.33600378, -0.81550384, 0, -0.57875234, 0, 1, 0, 0.57875234, 0, -0.81550384), ["Time"] = 0.19088459, ["DummyAnims"] = {}, ["PlayerCFrame"] = CFrame.new(142.25965881, 440.75082397, 12.557971, 0.99720401, 2e-08, 0.07472762, -2e-08, 1, -2e-08, -0.07472762, 2e-08, 0.99720401)}, {["PlayerAnims"] = {{["Id"] = "rbxassetid://7815618175", ["Name"] = "Animation", ["Time"] = 0.57083315}, {["Id"] = "rbxassetid://7807831448", ["Name"] = "WalkAnim", ["Time"] = 0.26487267}}, ["DummyCFrame"] = CFrame.new(139.27555847, 440.75671387, 4.33600378, -0.81550384, 0, -0.57875234, 0, 1, 0, 0.57875234, 0, -0.81550384), ["Time"] = 0.19784856, ["DummyAnims"] = {}, ["PlayerCFrame"] = CFrame.new(142.25216675, 440.75131226, 12.45407772, 0.99713945, 1e-08, 0.07558347, -1e-08, 1, -2e-08, -0.07558347, 2e-08, 0.99713945)}, {["PlayerAnims"] = {{["Id"] = "rbxassetid://7815618175", ["Name"] = "Animation", ["Time"] = 0.57916647}, {["Id"] = "rbxassetid://7807831448", ["Name"] = "WalkAnim", ["Time"] = 0.27878287}}, ["DummyCFrame"] = CFrame.new(139.27555847, 440.75671387, 4.33600378, -0.81550384, 0, -0.57875234, 0, 1, 0, 0.57875234, 0, -0.81550384), ["Time"] = 0.204, ["DummyAnims"] = {}, ["PlayerCFrame"] = CFrame.new(142.23661804, 440.75210571, 12.2463274, 0.99713951, 0.0, 0.075583, -0.0, 1, -2e-08, -0.075583, 2e-08, 0.99713951)}, {["PlayerAnims"] = {{["Id"] = "rbxassetid://7815618175", ["Name"] = "Animation", ["Time"] = 0.58333313}, {["Id"] = "rbxassetid://7807831448", ["Name"] = "WalkAnim", ["Time"] = 0.28573799}}, ["DummyCFrame"] = CFrame.new(139.27555847, 440.75671387, 4.33600378, -0.81550384, 0, -0.57875234, 0, 1, 0, 0.57875234, 0, -0.81550384), ["Time"] = 0.20988417, ["DummyAnims"] = {}, ["PlayerCFrame"] = CFrame.new(142.22875977, 440.75244141, 12.14245701, 0.99713987, -0.0, 0.07557847, 0.0, 1, -2e-08, -0.07557847, 2e-08, 0.99713987)}, {["PlayerAnims"] = {{["Id"] = "rbxassetid://7815618175", ["Name"] = "Animation", ["Time"] = 0.5874998}, {["Id"] = "rbxassetid://7807831448", ["Name"] = "WalkAnim", ["Time"] = 0.29269311}}, ["DummyCFrame"] = CFrame.new(139.27555847, 440.75671387, 4.33600378, -0.81550384, 0, -0.57875234, 0, 1, 0, 0.57875234, 0, -0.81550384), ["Time"] = 0.21585155, ["DummyAnims"] = {}, ["PlayerCFrame"] = CFrame.new(142.22090149, 440.75271606, 12.03858757, 0.99713987, -1e-08, 0.07557794, 1e-08, 1, -2e-08, -0.07557794, 2e-08, 0.99713987)}, {["PlayerAnims"] = {{["Id"] = "rbxassetid://7815618175", ["Name"] = "Animation", ["Time"] = 0.59583312}, {["Id"] = "rbxassetid://7807831448", ["Name"] = "WalkAnim", ["Time"] = 0.30660331}}, ["DummyCFrame"] = CFrame.new(139.27555847, 440.75671387, 4.33600378, -0.81550384, 0, -0.57875234, 0, 1, 0, 0.57875234, 0, -0.81550384), ["Time"] = 0.22131348, ["DummyAnims"] = {}, ["PlayerCFrame"] = CFrame.new(142.20515442, 440.75317383, 11.8308506, 0.99713993, -2e-08, 0.07557789, 2e-08, 1, -2e-08, -0.07557789, 2e-08, 0.99713993)}, {["PlayerAnims"] = {{["Id"] = "rbxassetid://7815618175", ["Name"] = "Animation", ["Time"] = 0.59999979}, {["Id"] = "rbxassetid://7807831448", ["Name"] = "WalkAnim", ["Time"] = 0.31355843}}, ["DummyCFrame"] = CFrame.new(139.27555847, 440.75671387, 4.33600378, -0.81550384, 0, -0.57875234, 0, 1, 0, 0.57875234, 0, -0.81550384), ["Time"] = 0.2270453, ["DummyAnims"] = {}, ["PlayerCFrame"] = CFrame.new(142.19728088, 440.75335693, 11.72698212, 0.99713993, -3e-08, 0.07557736, 3e-08, 1, -1e-08, -0.07557736, 2e-08, 0.99713993)}, {["PlayerAnims"] = {{["Id"] = "rbxassetid://7815618175", ["Name"] = "Animation", ["Time"] = 0.60833311}, {["Id"] = "rbxassetid://7807831448", ["Name"] = "WalkAnim", ["Time"] = 0.32746863}}, ["DummyCFrame"] = CFrame.new(139.27555847, 440.75671387, 4.33600378, -0.81550384, 0, -0.57875234, 0, 1, 0, 0.57875234, 0, -0.81550384), ["Time"] = 0.23325968, ["DummyAnims"] = {}, ["PlayerCFrame"] = CFrame.new(142.18153381, 440.75363159, 11.51924515, 0.99713993, -4e-08, 0.07557736, 4e-08, 1, -1e-08, -0.07557736, 2e-08, 0.99713993)}, {["PlayerAnims"] = {{["Id"] = "rbxassetid://7815618175", ["Name"] = "Animation", ["Time"] = 0.61249977}, {["Id"] = "rbxassetid://7807831448", ["Name"] = "WalkAnim", ["Time"] = 0.33442375}}, ["DummyCFrame"] = CFrame.new(139.27555847, 440.75671387, 4.33600378, -0.81550384, 0, -0.57875234, 0, 1, 0, 0.57875234, 0, -0.81550384), ["Time"] = 0.23854995, ["DummyAnims"] = {}, ["PlayerCFrame"] = CFrame.new(142.17366028, 440.75375366, 11.41537666, 0.99713993, -5e-08, 0.07557725, 5e-08, 1, -1e-08, -0.07557725, 1e-08, 0.99713993)}, {["PlayerAnims"] = {{["Id"] = "rbxassetid://7815618175", ["Name"] = "Animation", ["Time"] = 0.61666644}, {["Id"] = "rbxassetid://7807831448", ["Name"] = "WalkAnim", ["Time"] = 0.34137887}}, ["DummyCFrame"] = CFrame.new(139.27555847, 440.75671387, 4.33600378, -0.81550384, 0, -0.57875234, 0, 1, 0, 0.57875234, 0, -0.81550384), ["Time"] = 0.24389625, ["DummyAnims"] = {}, ["PlayerCFrame"] = CFrame.new(142.16578674, 440.75384521, 11.31150818, 0.99713993, -5e-08, 0.07557724, 5e-08, 1, -1e-08, -0.07557724, 1e-08, 0.99713993)}, {["PlayerAnims"] = {{["Id"] = "rbxassetid://7815618175", ["Name"] = "Animation", ["Time"] = 0.00833309}, {["Id"] = "rbxassetid://7807831448", ["Name"] = "WalkAnim", ["Time"] = 0.35528907}}, ["DummyCFrame"] = CFrame.new(139.27555847, 440.75671387, 4.33600378, -0.81550384, 0, -0.57875234, 0, 1, 0, 0.57875234, 0, -0.81550384), ["Time"] = 0.24827433, ["DummyAnims"] = {}, ["PlayerCFrame"] = CFrame.new(142.15003967, 440.75402832, 11.10377121, 0.99713993, -6e-08, 0.07557724, 6e-08, 1, -1e-08, -0.07557724, 1e-08, 0.99713993)}, {["PlayerAnims"] = {{["Id"] = "rbxassetid://7815618175", ["Name"] = "Animation", ["Time"] = 0.01249975}, {["Id"] = "rbxassetid://7807831448", ["Name"] = "WalkAnim", ["Time"] = 0.36224419}}, ["DummyCFrame"] = CFrame.new(139.27555847, 440.75671387, 4.33600378, -0.81550384, 0, -0.57875234, 0, 1, 0, 0.57875234, 0, -0.81550384), ["Time"] = 0.25462818, ["DummyAnims"] = {}, ["PlayerCFrame"] = CFrame.new(142.14216614, 440.75408936, 10.99990273, 0.99713993, -7e-08, 0.07557723, 7e-08, 1, -1e-08, -0.07557723, 1e-08, 0.99713993)}, {["PlayerAnims"] = {{["Id"] = "rbxassetid://7815618175", ["Name"] = "Animation", ["Time"] = 0.01666642}, {["Id"] = "rbxassetid://7807831448", ["Name"] = "WalkAnim", ["Time"] = 0.36919931}}, ["DummyCFrame"] = CFrame.new(139.27555847, 440.75671387, 4.33600378, -0.81550384, 0, -0.57875234, 0, 1, 0, 0.57875234, 0, -0.81550384), ["Time"] = 0.260185, ["DummyAnims"] = {}, ["PlayerCFrame"] = CFrame.new(142.1342926, 440.75415039, 10.89603424, 0.99713993, -7e-08, 0.07557722, 8e-08, 1, -1e-08, -0.07557722, 1e-08, 0.99713993)}, {["PlayerAnims"] = {{["Id"] = "rbxassetid://7815618175", ["Name"] = "Animation", ["Time"] = 0.02083309}, {["Id"] = "rbxassetid://7807831448", ["Name"] = "WalkAnim", ["Time"] = 0.37615442}}, ["DummyCFrame"] = CFrame.new(139.27555847, 440.75671387, 4.33600378, -0.81550384, 0, -0.57875234, 0, 1, 0, 0.57875234, 0, -0.81550384), ["Time"] = 0.2649312, ["DummyAnims"] = {}, ["PlayerCFrame"] = CFrame.new(142.12641907, 440.75421143, 10.79216576, 0.99713993, -8e-08, 0.07557722, 8e-08, 1, -1e-08, -0.07557722, 1e-08, 0.99713993)}, {["PlayerAnims"] = {{["Id"] = "rbxassetid://7815618175", ["Name"] = "Animation", ["Time"] = 0.02916642}, {["Id"] = "rbxassetid://7807831448", ["Name"] = "WalkAnim", ["Time"] = 0.39006463}}, ["DummyCFrame"] = CFrame.new(139.27555847, 440.75671387, 4.33600378, -0.81550384, 0, -0.57875234, 0, 1, 0, 0.57875234, 0, -0.81550384), ["Time"] = 0.27003098, ["DummyAnims"] = {}, ["PlayerCFrame"] = CFrame.new(142.110672, 440.75427246, 10.58442879, 0.99713993, -9e-08, 0.07557722, 9e-08, 1, -0.0, -0.07557722, 1e-08, 0.99713993)}, {["PlayerAnims"] = {{["Id"] = "rbxassetid://7815618175", ["Name"] = "Animation", ["Time"] = 0.03333309}, {["Id"] = "rbxassetid://7807831448", ["Name"] = "WalkAnim", ["Time"] = 0.39701974}}, ["DummyCFrame"] = CFrame.new(139.27555847, 440.75671387, 4.33600378, -0.81550384, 0, -0.57875234, 0, 1, 0, 0.57875234, 0, -0.81550384), ["Time"] = 0.27576017, ["DummyAnims"] = {}, ["PlayerCFrame"] = CFrame.new(142.10279846, 440.75430298, 10.4805603, 0.99713993, -1e-07, 0.07557722, 1e-07, 1, -0.0, -0.07557722, 1e-08, 0.99713993)}, {["PlayerAnims"] = {{["Id"] = "rbxassetid://7815618175", ["Name"] = "Animation", ["Time"] = 0.03749975}, {["Id"] = "rbxassetid://7807831448", ["Name"] = "WalkAnim", ["Time"] = 0.40397486}}, ["DummyCFrame"] = CFrame.new(139.27555847, 440.75671387, 4.33600378, -0.81550384, 0, -0.57875234, 0, 1, 0, 0.57875234, 0, -0.81550384), ["Time"] = 0.28142333, ["DummyAnims"] = {}, ["PlayerCFrame"] = CFrame.new(142.09492493, 440.7543335, 10.37669182, 0.99713993, -1e-07, 0.07557722, 1.1e-07, 1, -0.0, -0.07557722, 1e-08, 0.99713993)}, {["PlayerAnims"] = {{["Id"] = "rbxassetid://7815618175", ["Name"] = "Animation", ["Time"] = 0.04583308}, {["Id"] = "rbxassetid://7807831448", ["Name"] = "WalkAnim", ["Time"] = 0.41788507}}, ["DummyCFrame"] = CFrame.new(139.27555847, 440.75671387, 4.33600378, -0.81550384, 0, -0.57875234, 0, 1, 0, 0.57875234, 0, -0.81550384), ["Time"] = 0.28619146, ["DummyAnims"] = {}, ["PlayerCFrame"] = CFrame.new(142.07917786, 440.75439453, 10.16895485, 0.99713993, -1.2e-07, 0.07557722, 1.2e-07, 1, 0.0, -0.07557722, 1e-08, 0.99713993)}, {["PlayerAnims"] = {{["Id"] = "rbxassetid://7815618175", ["Name"] = "Animation", ["Time"] = 0.04999975}, {["Id"] = "rbxassetid://7807831448", ["Name"] = "WalkAnim", ["Time"] = 0.42484018}}, ["DummyCFrame"] = CFrame.new(139.27555847, 440.75671387, 4.33600378, -0.81550384, 0, -0.57875234, 0, 1, 0, 0.57875234, 0, -0.81550384), ["Time"] = 0.29115891, ["DummyAnims"] = {}, ["PlayerCFrame"] = CFrame.new(142.07130432, 440.75439453, 10.06508636, 0.99713993, -1.2e-07, 0.07557722, 1.2e-07, 1, 0.0, -0.07557722, 1e-08, 0.99713993)}, {["PlayerAnims"] = {{["Id"] = "rbxassetid://7815618175", ["Name"] = "Animation", ["Time"] = 0.05416642}, {["Id"] = "rbxassetid://7807831448", ["Name"] = "WalkAnim", ["Time"] = 0.4317953}}, ["DummyCFrame"] = CFrame.new(139.27555847, 440.75671387, 4.33600378, -0.81550384, 0, -0.57875234, 0, 1, 0, 0.57875234, 0, -0.81550384), ["Time"] = 0.29588699, ["DummyAnims"] = {}, ["PlayerCFrame"] = CFrame.new(142.06343079, 440.75439453, 9.96121788, 0.99713993, -1.1e-07, 0.07557722, 1.1e-07, 1, 0.0, -0.07557722, 1e-08, 0.99713993)}, {["PlayerAnims"] = {{["Id"] = "rbxassetid://7815618175", ["Name"] = "Animation", ["Time"] = 0.05833308}, {["Id"] = "rbxassetid://7807831448", ["Name"] = "WalkAnim", ["Time"] = 0.43875042}}, ["DummyCFrame"] = CFrame.new(139.27555847, 440.75671387, 4.33600378, -0.81550384, 0, -0.57875234, 0, 1, 0, 0.57875234, 0, -0.81550384), ["Time"] = 0.30003905, ["DummyAnims"] = {}, ["PlayerCFrame"] = CFrame.new(142.05555725, 440.75439453, 9.8573494, 0.99713993, -1e-07, 0.07557722, 1e-07, 1, 0.0, -0.07557722, 1e-08, 0.99713993)}, {["PlayerAnims"] = {{["Id"] = "rbxassetid://7815618175", ["Name"] = "Animation", ["Time"] = 0.06249975}, {["Id"] = "rbxassetid://7807831448", ["Name"] = "WalkAnim", ["Time"] = 0.44570553}}, ["DummyCFrame"] = CFrame.new(139.27555847, 440.75671387, 4.33600378, -0.81550384, 0, -0.57875234, 0, 1, 0, 0.57875234, 0, -0.81550384), ["Time"] = 0.30397105, ["DummyAnims"] = {}, ["PlayerCFrame"] = CFrame.new(142.04768372, 440.75439453, 9.75348091, 0.99713993, -9e-08, 0.07557722, 9e-08, 1, 0.0, -0.07557722, 0.0, 0.99713993)}, {["PlayerAnims"] = {{["Id"] = "rbxassetid://7815618175", ["Name"] = "Animation", ["Time"] = 0.06666642}, {["Id"] = "rbxassetid://7807831448", ["Name"] = "WalkAnim", ["Time"] = 0.45266065}}, ["DummyCFrame"] = CFrame.new(139.27555847, 440.75671387, 4.33600378, -0.81550384, 0, -0.57875234, 0, 1, 0, 0.57875234, 0, -0.81550384), ["Time"] = 0.30877924, ["DummyAnims"] = {}, ["PlayerCFrame"] = CFrame.new(142.03981018, 440.75439453, 9.64961243, 0.99713993, -8e-08, 0.07557722, 8e-08, 1, 0.0, -0.07557722, 0.0, 0.99713993)}, {["PlayerAnims"] = {{["Id"] = "rbxassetid://7815618175", ["Name"] = "Animation", ["Time"] = 0.07083309}, {["Id"] = "rbxassetid://7807831448", ["Name"] = "WalkAnim", ["Time"] = 0.45961577}}, ["DummyCFrame"] = CFrame.new(139.27555847, 440.75671387, 4.33600378, -0.81550384, 0, -0.57875234, 0, 1, 0, 0.57875234, 0, -0.81550384), ["Time"] = 0.31267166, ["DummyAnims"] = {}, ["PlayerCFrame"] = CFrame.new(142.03193665, 440.75439453, 9.54574394, 0.99713993, -7e-08, 0.07557722, 7e-08, 1, 0.0, -0.07557722, 0.0, 0.99713993)}, {["PlayerAnims"] = {{["Id"] = "rbxassetid://7815618175", ["Name"] = "Animation", ["Time"] = 0.07499976}, {["Id"] = "rbxassetid://7807831448", ["Name"] = "WalkAnim", ["Time"] = 0.46657088}}, ["DummyCFrame"] = CFrame.new(139.27555847, 440.75671387, 4.33600378, -0.81550384, 0, -0.57875234, 0, 1, 0, 0.57875234, 0, -0.81550384), ["Time"] = 0.31801367, ["DummyAnims"] = {}, ["PlayerCFrame"] = CFrame.new(142.02406311, 440.75439453, 9.44187546, 0.99713993, -5e-08, 0.07557722, 5e-08, 1, 0.0, -0.07557722, 0.0, 0.99713993)}, {["PlayerAnims"] = {{["Id"] = "rbxassetid://7815618175", ["Name"] = "Animation", ["Time"] = 0.08333309}, {["Id"] = "rbxassetid://7807831448", ["Name"] = "WalkAnim", ["Time"] = 0.48048109}}, ["DummyCFrame"] = CFrame.new(139.27555847, 440.75671387, 4.33600378, -0.81550384, 0, -0.57875234, 0, 1, 0, 0.57875234, 0, -0.81550384), ["Time"] = 0.32347536, ["DummyAnims"] = {}, ["PlayerCFrame"] = CFrame.new(142.00831604, 440.75439453, 9.23413849, 0.99713993, -3e-08, 0.07557722, 3e-08, 1, 0.0, -0.07557722, -0.0, 0.99713993)}, {["PlayerAnims"] = {{["Id"] = "rbxassetid://7815618175", ["Name"] = "Animation", ["Time"] = 0.08749976}, {["Id"] = "rbxassetid://7807831448", ["Name"] = "WalkAnim", ["Time"] = 0.48743621}}, ["DummyCFrame"] = CFrame.new(139.27555847, 440.75671387, 4.33600378, -0.81550384, 0, -0.57875234, 0, 1, 0, 0.57875234, 0, -0.81550384), ["Time"] = 0.32928729, ["DummyAnims"] = {}, ["PlayerCFrame"] = CFrame.new(142.0004425, 440.75439453, 9.13027, 0.99713993, -2e-08, 0.07557722, 2e-08, 1, 1e-08, -0.07557722, -0.0, 0.99713993)}, {["PlayerAnims"] = {{["Id"] = "rbxassetid://7815618175", ["Name"] = "Animation", ["Time"] = 0.09166643}, {["Id"] = "rbxassetid://7807831448", ["Name"] = "WalkAnim", ["Time"] = 0.49439132}}, ["DummyCFrame"] = CFrame.new(139.27555847, 440.75671387, 4.33600378, -0.81550384, 0, -0.57875234, 0, 1, 0, 0.57875234, 0, -0.81550384), ["Time"] = 0.33382654, ["DummyAnims"] = {}, ["PlayerCFrame"] = CFrame.new(141.99256897, 440.75439453, 9.02640152, 0.99713993, -1e-08, 0.07557722, 1e-08, 1, 1e-08, -0.07557722, -0.0, 0.99713993)}, {["PlayerAnims"] = {{["Id"] = "rbxassetid://7815618175", ["Name"] = "Animation", ["Time"] = 0.0958331}, {["Id"] = "rbxassetid://7807831448", ["Name"] = "WalkAnim", ["Time"] = 0.50134641}}, ["DummyCFrame"] = CFrame.new(139.27555847, 440.75671387, 4.33600378, -0.81550384, 0, -0.57875234, 0, 1, 0, 0.57875234, 0, -0.81550384), ["Time"] = 0.33884144, ["DummyAnims"] = {}, ["PlayerCFrame"] = CFrame.new(141.98469543, 440.75439453, 8.92253304, 0.99713993, 0.0, 0.07557722, -0.0, 1, 1e-08, -0.07557722, -1e-08, 0.99713993)}, {["PlayerAnims"] = {{["Id"] = "rbxassetid://7815618175", ["Name"] = "Animation", ["Time"] = 0.09999977}, {["Id"] = "rbxassetid://7807831448", ["Name"] = "WalkAnim", ["Time"] = 0.5083015}}, ["DummyCFrame"] = CFrame.new(139.27555847, 440.75671387, 4.33600378, -0.81550384, 0, -0.57875234, 0, 1, 0, 0.57875234, 0, -0.81550384), ["Time"] = 0.34295249, ["DummyAnims"] = {}, ["PlayerCFrame"] = CFrame.new(141.9768219, 440.75439453, 8.81866455, 0.99713993, 1e-08, 0.07557722, -1e-08, 1, 1e-08, -0.07557722, -1e-08, 0.99713993)}, {["PlayerAnims"] = {{["Id"] = "rbxassetid://7815618175", ["Name"] = "Animation", ["Time"] = 0.10416644}, {["Id"] = "rbxassetid://7807831448", ["Name"] = "WalkAnim", ["Time"] = 0.51525658}}, ["DummyCFrame"] = CFrame.new(139.27555847, 440.75671387, 4.33600378, -0.81550384, 0, -0.57875234, 0, 1, 0, 0.57875234, 0, -0.81550384), ["Time"] = 0.34773827, ["DummyAnims"] = {}, ["PlayerCFrame"] = CFrame.new(141.96894836, 440.75439453, 8.71479607, 0.99713993, 3e-08, 0.07557722, -3e-08, 1, 1e-08, -0.07557722, -1e-08, 0.99713993)}, {["PlayerAnims"] = {{["Id"] = "rbxassetid://7815618175", ["Name"] = "Animation", ["Time"] = 0.10833311}, {["Id"] = "rbxassetid://7807831448", ["Name"] = "WalkAnim", ["Time"] = 0.52221167}}, ["DummyCFrame"] = CFrame.new(139.27555847, 440.75671387, 4.33600378, -0.81550384, 0, -0.57875234, 0, 1, 0, 0.57875234, 0, -0.81550384), ["Time"] = 0.35190678, ["DummyAnims"] = {}, ["PlayerCFrame"] = CFrame.new(141.96107483, 440.75439453, 8.61092758, 0.99713993, 4e-08, 0.07557722, -4e-08, 1, 1e-08, -0.07557722, -1e-08, 0.99713993)}, {["PlayerAnims"] = {{["Id"] = "rbxassetid://7815618175", ["Name"] = "Animation", ["Time"] = 0.11249978}, {["Id"] = "rbxassetid://7807831448", ["Name"] = "WalkAnim", ["Time"] = 0.52916676}}, ["DummyCFrame"] = CFrame.new(139.27555847, 440.75671387, 4.33600378, -0.81550384, 0, -0.57875234, 0, 1, 0, 0.57875234, 0, -0.81550384), ["Time"] = 0.35588646, ["DummyAnims"] = {}, ["PlayerCFrame"] = CFrame.new(141.95320129, 440.75439453, 8.5070591, 0.99713993, 5e-08, 0.07557722, -5e-08, 1, 1e-08, -0.07557722, -1e-08, 0.99713993)}, {["PlayerAnims"] = {{["Id"] = "rbxassetid://7815618175", ["Name"] = "Animation", ["Time"] = 0.12083311}, {["Id"] = "rbxassetid://7807831448", ["Name"] = "WalkAnim", ["Time"] = 0.54307699}}, ["DummyCFrame"] = CFrame.new(139.27555847, 440.75671387, 4.33600378, -0.81550384, 0, -0.57875234, 0, 1, 0, 0.57875234, 0, -0.81550384), ["Time"] = 0.36110759, ["DummyAnims"] = {}, ["PlayerCFrame"] = CFrame.new(141.93745422, 440.75439453, 8.29932213, 0.99713993, 7e-08, 0.07557722, -7e-08, 1, 1e-08, -0.07557722, -1e-08, 0.99713993)}, {["PlayerAnims"] = {{["Id"] = "rbxassetid://7815618175", ["Name"] = "Animation", ["Time"] = 0.12499978}, {["Id"] = "rbxassetid://7807831448", ["Name"] = "WalkAnim", ["Time"] = 0.55003208}}, ["DummyCFrame"] = CFrame.new(139.27555847, 440.75671387, 4.33600378, -0.81550384, 0, -0.57875234, 0, 1, 0, 0.57875234, 0, -0.81550384), ["Time"] = 0.36916733, ["DummyAnims"] = {}, ["PlayerCFrame"] = CFrame.new(141.91789246, 440.75439453, 8.20136452, 0.99713993, 8e-08, 0.07557722, -8e-08, 1, 1e-08, -0.07557722, -2e-08, 0.99713993)}, {["PlayerAnims"] = {{["Id"] = "rbxassetid://7815618175", ["Name"] = "Animation", ["Time"] = 0.13333312}, {["Id"] = "rbxassetid://7807831448", ["Name"] = "WalkAnim", ["Time"] = 0.56394231}}, ["DummyCFrame"] = CFrame.new(139.27555847, 440.75671387, 4.33600378, -0.81550384, 0, -0.57875234, 0, 1, 0, 0.57875234, 0, -0.81550384), ["Time"] = 0.37444949, ["DummyAnims"] = {}, ["PlayerCFrame"] = CFrame.new(141.84371948, 440.75439453, 8.02318478, 0.99713993, 1.1e-07, 0.07557722, -1.1e-07, 1, 1e-08, -0.07557722, -2e-08, 0.99713993)}, {["PlayerAnims"] = {{["Id"] = "rbxassetid://7815618175", ["Name"] = "Animation", ["Time"] = 0.14166646}, {["Id"] = "rbxassetid://7807831448", ["Name"] = "WalkAnim", ["Time"] = 0.57785255}}, ["DummyCFrame"] = CFrame.new(139.27555847, 440.75671387, 4.33600378, -0.81550384, 0, -0.57875234, 0, 1, 0, 0.57875234, 0, -0.81550384), ["Time"] = 0.38370299, ["DummyAnims"] = {}, ["PlayerCFrame"] = CFrame.new(141.72280884, 440.75439453, 7.86865139, 0.9968673, 9e-08, 0.07909213, -9e-08, 1, 1e-08, -0.07909213, -2e-08, 0.9968673)}, {["PlayerAnims"] = {{["Id"] = "rbxassetid://7815618175", ["Name"] = "Animation", ["Time"] = 0.14583312}, {["Id"] = "rbxassetid://7807831448", ["Name"] = "WalkAnim", ["Time"] = 0.58480763}}, ["DummyCFrame"] = CFrame.new(139.27555847, 440.75671387, 4.33600378, -0.81550384, 0, -0.57875234, 0, 1, 0, 0.57875234, 0, -0.81550384), ["Time"] = 0.38961601, ["DummyAnims"] = {}, ["PlayerCFrame"] = CFrame.new(141.64840698, 440.75439453, 7.79853439, 0.99658227, 9e-08, 0.08260632, -9e-08, 1, 1e-08, -0.08260632, -1e-08, 0.99658227)}, {["PlayerAnims"] = {{["Id"] = "rbxassetid://7815618175", ["Name"] = "Animation", ["Time"] = 0.15416646}, {["Id"] = "rbxassetid://7807831448", ["Name"] = "WalkAnim", ["Time"] = 0.59871787}}, ["DummyCFrame"] = CFrame.new(139.27555847, 440.75671387, 4.33600378, -0.81550384, 0, -0.57875234, 0, 1, 0, 0.57875234, 0, -0.81550384), ["Time"] = 0.39568663, ["DummyAnims"] = {}, ["PlayerCFrame"] = CFrame.new(141.49206543, 440.75439453, 7.66245127, 0.99628478, 7e-08, 0.08611961, -8e-08, 1, 0.0, -0.08611961, -1e-08, 0.99628478)}, {["PlayerAnims"] = {{["Id"] = "rbxassetid://7815618175", ["Name"] = "Animation", ["Time"] = 0.15833312}, {["Id"] = "rbxassetid://7807831448", ["Name"] = "WalkAnim", ["Time"] = 0.60567296}}, ["DummyCFrame"] = CFrame.new(139.27555847, 440.75671387, 4.33600378, -0.81550384, 0, -0.57875234, 0, 1, 0, 0.57875234, 0, -0.81550384), ["Time"] = 0.40132999, ["DummyAnims"] = {}, ["PlayerCFrame"] = CFrame.new(141.41268921, 440.75439453, 7.59515858, 0.99589562, 7e-08, 0.09050946, -7e-08, 1, 0.0, -0.09050946, -1e-08, 0.99589562)}, {["PlayerAnims"] = {{["Id"] = "rbxassetid://7815618175", ["Name"] = "Animation", ["Time"] = 0.16666646}, {["Id"] = "rbxassetid://7807831448", ["Name"] = "WalkAnim", ["Time"] = 0.61958319}}, ["DummyCFrame"] = CFrame.new(139.27555847, 440.75671387, 4.33600378, -0.81550384, 0, -0.57875234, 0, 1, 0, 0.57875234, 0, -0.81550384), ["Time"] = 0.406142, ["DummyAnims"] = {}, ["PlayerCFrame"] = CFrame.new(141.25299072, 440.75439453, 7.46147108, 0.99573463, 6e-08, 0.09226361, -6e-08, 1, 0.0, -0.09226361, -1e-08, 0.99573463)}, {["PlayerAnims"] = {{["Id"] = "rbxassetid://7815618175", ["Name"] = "Animation", ["Time"] = 0.17083313}, {["Id"] = "rbxassetid://7807831448", ["Name"] = "WalkAnim", ["Time"] = 0.62653828}}, ["DummyCFrame"] = CFrame.new(139.27555847, 440.75671387, 4.33600378, -0.81550384, 0, -0.57875234, 0, 1, 0, 0.57875234, 0, -0.81550384), ["Time"] = 0.41252995, ["DummyAnims"] = {}, ["PlayerCFrame"] = CFrame.new(141.17292786, 440.75439453, 7.39483929, 0.99505925, 5e-08, 0.09928266, -5e-08, 1, 0.0, -0.09928266, -1e-08, 0.99505925)}, {["PlayerAnims"] = {{["Id"] = "rbxassetid://7815618175", ["Name"] = "Animation", ["Time"] = 0.17499979}, {["Id"] = "rbxassetid://7807831448", ["Name"] = "WalkAnim", ["Time"] = 0.63349336}}, ["DummyCFrame"] = CFrame.new(139.27555847, 440.75671387, 4.33600378, -0.81550384, 0, -0.57875234, 0, 1, 0, 0.57875234, 0, -0.81550384), ["Time"] = 0.41773081, ["DummyAnims"] = {}, ["PlayerCFrame"] = CFrame.new(141.0925293, 440.75439453, 7.32861471, 0.99442774, 4e-08, 0.10542063, -4e-08, 1, 0.0, -0.10542063, -1e-08, 0.99442774)}, {["PlayerAnims"] = {{["Id"] = "rbxassetid://7815618175", ["Name"] = "Animation", ["Time"] = 0.17916645}, {["Id"] = "rbxassetid://7807831448", ["Name"] = "WalkAnim", ["Time"] = 0.64044845}}, ["DummyCFrame"] = CFrame.new(139.27555847, 440.75671387, 4.33600378, -0.81550384, 0, -0.57875234, 0, 1, 0, 0.57875234, 0, -0.81550384), ["Time"] = 0.42303753, ["DummyAnims"] = {}, ["PlayerCFrame"] = CFrame.new(141.01174927, 440.75439453, 7.26285458, 0.99404991, 4e-08, 0.10892579, -4e-08, 1, -0.0, -0.10892579, -0.0, 0.99404991)}, {["PlayerAnims"] = {{["Id"] = "rbxassetid://7815618175", ["Name"] = "Animation", ["Time"] = 0.18749979}, {["Id"] = "rbxassetid://7807831448", ["Name"] = "WalkAnim", ["Time"] = 0.65435869}}, ["DummyCFrame"] = CFrame.new(139.27555847, 440.75671387, 4.33600378, -0.81550384, 0, -0.57875234, 0, 1, 0, 0.57875234, 0, -0.81550384), ["Time"] = 0.42812133, ["DummyAnims"] = {}, ["PlayerCFrame"] = CFrame.new(140.84950256, 440.75439453, 7.13217211, 0.99315453, 2e-08, 0.11680771, -2e-08, 1, -0.0, -0.11680771, -0.0, 0.99315453)}, {["PlayerAnims"] = {{["Id"] = "rbxassetid://7815618175", ["Name"] = "Animation", ["Time"] = 0.19166645}, {["Id"] = "rbxassetid://7807831448", ["Name"] = "WalkAnim", ["Time"] = 0.66131377}}, ["DummyCFrame"] = CFrame.new(139.27555847, 440.75671387, 4.33600378, -0.81550384, 0, -0.57875234, 0, 1, 0, 0.57875234, 0, -0.81550384), ["Time"] = 0.43359971, ["DummyAnims"] = {}, ["PlayerCFrame"] = CFrame.new(140.76795959, 440.75439453, 7.06735086, 0.9928422, 2e-08, 0.11943339, -2e-08, 1, -0.0, -0.11943339, -0.0, 0.9928422)}, {["PlayerAnims"] = {{["Id"] = "rbxassetid://7815618175", ["Name"] = "Animation", ["Time"] = 0.19999979}, {["Id"] = "rbxassetid://7807831448", ["Name"] = "WalkAnim", ["Time"] = 0.00855732}}, ["DummyCFrame"] = CFrame.new(139.27555847, 440.75671387, 4.33600378, -0.81550384, 0, -0.57875234, 0, 1, 0, 0.57875234, 0, -0.81550384), ["Time"] = 0.43999624, ["DummyAnims"] = {}, ["PlayerCFrame"] = CFrame.new(140.60429382, 440.75439453, 6.93843365, 0.98971909, 1e-08, 0.14302486, -1e-08, 1, -0.0, -0.14302486, 0.0, 0.98971909)}, {["PlayerAnims"] = {{["Id"] = "rbxassetid://7815618175", ["Name"] = "Animation", ["Time"] = 0.20416646}, {["Id"] = "rbxassetid://7807831448", ["Name"] = "WalkAnim", ["Time"] = 0.01551242}}, ["DummyCFrame"] = CFrame.new(139.27555847, 440.75671387, 4.33600378, -0.81550384, 0, -0.57875234, 0, 1, 0, 0.57875234, 0, -0.81550384), ["Time"] = 0.44557238, ["DummyAnims"] = {}, ["PlayerCFrame"] = CFrame.new(140.5214386, 440.75439453, 6.87530518, 0.98618191, 0.0, 0.16566594, 0.0, 1, -0.0, -0.16566594, 0.0, 0.98618191)}, {["PlayerAnims"] = {{["Id"] = "rbxassetid://7815618175", ["Name"] = "Animation", ["Time"] = 0.2124998}, {["Id"] = "rbxassetid://7807831448", ["Name"] = "WalkAnim", ["Time"] = 0.0298792}, {["Id"] = "http://www.roblox.com/asset/?id=125750702", ["Name"] = "JumpAnim", ["Time"] = 0.00833333}}, ["DummyCFrame"] = CFrame.new(139.27555847, 440.75671387, 4.33600378, -0.81550384, 0, -0.57875234, 0, 1, 0, 0.57875234, 0, -0.81550384), ["Time"] = 0.45461798, ["DummyAnims"] = {}, ["PlayerCFrame"] = CFrame.new(140.35572815, 441.17941284, 6.74904823, 0.97718304, -1e-08, 0.2123988, 1e-08, 1, -0.0, -0.2123988, 1e-08, 0.97718304)}, {["PlayerAnims"] = {{["Id"] = "rbxassetid://7815618175", ["Name"] = "Animation", ["Time"] = 0.22083314}, {["Id"] = "rbxassetid://7807831448", ["Name"] = "WalkAnim", ["Time"] = 0.04424597}, {["Id"] = "http://www.roblox.com/asset/?id=125750702", ["Name"] = "JumpAnim", ["Time"] = 0.01666667}}, ["DummyCFrame"] = CFrame.new(139.27555847, 440.75671387, 4.33600378, -0.81550384, 0, -0.57875234, 0, 1, 0, 0.57875234, 0, -0.81550384), ["Time"] = 0.46368074, ["DummyAnims"] = {}, ["PlayerCFrame"] = CFrame.new(140.18574524, 441.59078979, 6.6288867, 0.95830303, -2e-08, 0.28575388, 3e-08, 1, -0.0, -0.28575388, 1e-08, 0.95830303)}, {["PlayerAnims"] = {{["Id"] = "rbxassetid://7815618175", ["Name"] = "Animation", ["Time"] = 0.23333314}, {["Id"] = "rbxassetid://7807831448", ["Name"] = "WalkAnim", ["Time"] = 0.06579614}, {["Id"] = "http://www.roblox.com/asset/?id=125750702", ["Name"] = "JumpAnim", ["Time"] = 0.02916667}}, ["DummyCFrame"] = CFrame.new(139.27555847, 440.75671387, 4.33600378, -0.81550384, 0, -0.57875234, 0, 1, 0, 0.57875234, 0, -0.81550384), ["Time"] = 0.47416973, ["DummyAnims"] = {}, ["PlayerCFrame"] = CFrame.new(139.92071533, 442.18231201, 6.46397066, 0.90555894, -4e-08, 0.42422044, 4e-08, 1, 0.0, -0.42422044, 2e-08, 0.90555894)}, {["PlayerAnims"] = {{["Id"] = "rbxassetid://7815618175", ["Name"] = "Animation", ["Time"] = 0.24166648}, {["Id"] = "rbxassetid://7807831448", ["Name"] = "WalkAnim", ["Time"] = 0.08016291}, {["Id"] = "http://www.roblox.com/asset/?id=125750702", ["Name"] = "JumpAnim", ["Time"] = 0.0375}, {["Id"] = "rbxassetid://10469493270", ["Name"] = "Animation", ["Time"] = 0.01}}, ["DummyCFrame"] = CFrame.new(139.27555847, 440.75671387, 4.33600378, -0.81550384, 0, -0.57875234, 0, 1, 0, 0.57875234, 0, -0.81550384), ["Time"] = 0.48412585, ["DummyAnims"] = {}, ["PlayerCFrame"] = CFrame.new(139.74699402, 442.55963135, 6.36297417, 0.84092396, -5e-08, 0.54115331, 6e-08, 1, 1e-08, -0.54115331, 2e-08, 0.84092396)}, {["PlayerAnims"] = {{["Id"] = "rbxassetid://7815618175", ["Name"] = "Animation", ["Time"] = 0.24999982}, {["Id"] = "rbxassetid://7807831448", ["Name"] = "WalkAnim", ["Time"] = 0.09452969}, {["Id"] = "http://www.roblox.com/asset/?id=125750702", ["Name"] = "JumpAnim", ["Time"] = 0.04583333}, {["Id"] = "rbxassetid://10469493270", ["Name"] = "Animation", ["Time"] = 0.02}}, ["DummyCFrame"] = CFrame.new(139.27555847, 440.75671387, 4.33600378, -0.81550384, 0, -0.57875234, 0, 1, 0, 0.57875234, 0, -0.81550384), ["Time"] = 0.4922998, ["DummyAnims"] = {}, ["PlayerCFrame"] = CFrame.new(139.5791626, 442.92333984, 6.26990795, 0.74049002, -6e-08, 0.67206734, 7e-08, 1, 2e-08, -0.67206734, 3e-08, 0.74049002)}, {["PlayerAnims"] = {{["Id"] = "rbxassetid://7815618175", ["Name"] = "Animation", ["Time"] = 0.25416648}, {["Id"] = "rbxassetid://7807831448", ["Name"] = "WalkAnim", ["Time"] = 0.10171308}, {["Id"] = "http://www.roblox.com/asset/?id=125750702", ["Name"] = "JumpAnim", ["Time"] = 0.05}, {["Id"] = "rbxassetid://10469493270", ["Name"] = "Animation", ["Time"] = 0.025}}, ["DummyCFrame"] = CFrame.new(139.27555847, 440.75671387, 4.33600378, -0.81550384, 0, -0.57875234, 0, 1, 0, 0.57875234, 0, -0.81550384), ["Time"] = 0.49815226, ["DummyAnims"] = {}, ["PlayerCFrame"] = CFrame.new(139.49690247, 443.10006714, 6.22669697, 0.66940939, -6e-08, 0.7428937, 7e-08, 1, 2e-08, -0.7428937, 4e-08, 0.66940939)}, {["PlayerAnims"] = {{["Id"] = "rbxassetid://7815618175", ["Name"] = "Animation", ["Time"] = 0.26666647}, {["Id"] = "rbxassetid://7807831448", ["Name"] = "WalkAnim", ["Time"] = 0.12326324}, {["Id"] = "http://www.roblox.com/asset/?id=125750702", ["Name"] = "JumpAnim", ["Time"] = 0.0625}, {["Id"] = "rbxassetid://10469493270", ["Name"] = "Animation", ["Time"] = 0.04}}, ["DummyCFrame"] = CFrame.new(139.27555847, 440.75671387, 4.33600378, -0.81