return {["StartTime"] = 1759538537.4442983, ["Frames"] = {{["PlayerAnims"] = {{["Id"] = "rbxassetid://14516273501", ["Name"] = "Animation1", ["Time"] = 0.77499962}}, ["DummyCFrame"] = CFrame.new(149.55697632, 440.75671387, 29.74264145, 0.92388153, 0, 0.38267857, 0, 1, 0, -0.38267857, 0, 0.92388153), ["Time"] = 0.01720691, ["DummyAnims"] = {{["Id"] = "rbxassetid://17292505729", ["Name"] = "Animation", ["Time"] = 2.62500644}}, ["PlayerCFrame"] = CFrame.new(145.36859131, 440.75439453, 32.50824356, 0.59155363, -7e-08, -0.80626565, 4e-08, 1, -6e-08, 0.80626565, 0.0, 0.59155363)}, {["PlayerAnims"] = {{["Id"] = "rbxassetid://14516273501", ["Name"] = "Animation1", ["Time"] = 0.78333294}}, ["DummyCFrame"] = CFrame.new(149.55697632, 440.75671387, 29.74264145, 0.92388153, 0, 0.38267857, 0, 1, 0, -0.38267857, 0, 0.92388153), ["Time"] = 0.02305937, ["DummyAnims"] = {{["Id"] = "rbxassetid://17292505729", ["Name"] = "Animation", ["Time"] = 2.63333344}}, ["PlayerCFrame"] = CFrame.new(145.36859131, 440.75439453, 32.50824356, 0.59155375, -5e-08, -0.80626553, 3e-08, 1, -4e-08, 0.80626553, 0.0, 0.59155375)}, {["PlayerAnims"] = {{["Id"] = "rbxassetid://14516273501", ["Name"] = "Animation1", ["Time"] = 0.79166627}}, ["DummyCFrame"] = CFrame.new(149.55697632, 440.75671387, 29.74264145, 0.92388153, 0, 0.38267857, 0, 1, 0, -0.38267857, 0, 0.92388153), ["Time"] = 0.02903485, ["DummyAnims"] = {{["Id"] = "rbxassetid://17292505729", ["Name"] = "Animation", ["Time"] = 2.63333344}}, ["PlayerCFrame"] = CFrame.new(145.36859131, 440.75439453, 32.50824356, 0.59155375, -3e-08, -0.80626553, 2e-08, 1, -3e-08, 0.80626553, 0.0, 0.59155375)}, {["PlayerAnims"] = {{["Id"] = "rbxassetid://14516273501", ["Name"] = "Animation1", ["Time"] = 0.79583293}}, ["DummyCFrame"] = CFrame.new(149.55697632, 440.75671387, 29.74264145, 0.92388153, 0, 0.38267857, 0, 1, 0, -0.38267857, 0, 0.92388153), ["Time"] = 0.03503203, ["DummyAnims"] = {{["Id"] = "rbxassetid://17292505729", ["Name"] = "Animation", ["Time"] = 2.63333344}}, ["PlayerCFrame"] = CFrame.new(145.36859131, 440.75439453, 32.50824356, 0.59155375, -3e-08, -0.80626553, 1e-08, 1, -2e-08, 0.80626553, 0.0, 0.59155375)}, {["PlayerAnims"] = {{["Id"] = "rbxassetid://14516273501", ["Name"] = "Animation1", ["Time"] = 0.79999959}}, ["DummyCFrame"] = CFrame.new(149.55697632, 440.75671387, 29.74264145, 0.92388153, 0, 0.38267857, 0, 1, 0, -0.38267857, 0, 0.92388153), ["Time"] = 0.04121208, ["DummyAnims"] = {{["Id"] = "rbxassetid://17292505729", ["Name"] = "Animation", ["Time"] = 2.63333344}}, ["PlayerCFrame"] = CFrame.new(145.36859131, 440.75439453, 32.50824356, 0.59155375, -2e-08, -0.80626553, 1e-08, 1, -1e-08, 0.80626553, 0.0, 0.59155375)}, {["PlayerAnims"] = {{["Id"] = "rbxassetid://14516273501", ["Name"] = "Animation1", ["Time"] = 0.80833292}}, ["DummyCFrame"] = CFrame.new(149.55697632, 440.75671387, 29.74264145, 0.92388153, 0, 0.38267857, 0, 1, 0, -0.38267857, 0, 0.92388153), ["Time"] = 0.04694462, ["DummyAnims"] = {{["Id"] = "rbxassetid://17292505729", ["Name"] = "Animation", ["Time"] = 2.63333344}}, ["PlayerCFrame"] = CFrame.new(145.36859131, 440.75439453, 32.50824356, 0.59155375, 0.0, -0.80626553, -0.0, 1, 0.0, 0.80626553, -0.0, 0.59155375)}, {["PlayerAnims"] = {{["Id"] = "rbxassetid://14516273501", ["Name"] = "Animation1", ["Time"] = 0.81249958}}, ["DummyCFrame"] = CFrame.new(149.55697632, 440.75671387, 29.74264145, 0.92388153, 0, 0.38267857, 0, 1, 0, -0.38267857, 0, 0.92388153), ["Time"] = 0.05226946, ["DummyAnims"] = {{["Id"] = "rbxassetid://17292505729", ["Name"] = "Animation", ["Time"] = 2.63333344}}, ["PlayerCFrame"] = CFrame.new(145.36859131, 440.75439453, 32.50824356, 0.59155363, 1e-08, -0.80626565, -1e-08, 1, 1e-08, 0.80626565, -0.0, 0.59155363)}, {["PlayerAnims"] = {{["Id"] = "rbxassetid://14516273501", ["Name"] = "Animation1", ["Time"] = 0.82083291}}, ["DummyCFrame"] = CFrame.new(149.55697632, 440.75671387, 29.74264145, 0.92388153, 0, 0.38267857, 0, 1, 0, -0.38267857, 0, 0.92388153), ["Time"] = 0.05918908, ["DummyAnims"] = {{["Id"] = "rbxassetid://17292505729", ["Name"] = "Animation", ["Time"] = 2.63333344}}, ["PlayerCFrame"] = CFrame.new(145.36859131, 440.75439453, 32.50824356, 0.59155363, 3e-08, -0.80626565, -2e-08, 1, 3e-08, 0.80626565, -0.0, 0.59155363)}, {["PlayerAnims"] = {{["Id"] = "rbxassetid://14516273501", ["Name"] = "Animation1", ["Time"] = 0.82499957}}, ["DummyCFrame"] = CFrame.new(149.55697632, 440.75671387, 29.74264145, 0.92388153, 0, 0.38267857, 0, 1, 0, -0.38267857, 0, 0.92388153), ["Time"] = 0.06409979, ["DummyAnims"] = {{["Id"] = "rbxassetid://17292505729", ["Name"] = "Animation", ["Time"] = 2.63333344}}, ["PlayerCFrame"] = CFrame.new(145.36859131, 440.75439453, 32.50824356, 0.59155375, 4e-08, -0.80626553, -2e-08, 1, 3e-08, 0.80626553, -0.0, 0.59155375)}, {["PlayerAnims"] = {{["Id"] = "rbxassetid://14516273501", ["Name"] = "Animation1", ["Time"] = 0.8333329}}, ["DummyCFrame"] = CFrame.new(149.55697632, 440.75671387, 29.74264145, 0.92388153, 0, 0.38267857, 0, 1, 0, -0.38267857, 0, 0.92388153), ["Time"] = 0.07086539, ["DummyAnims"] = {{["Id"] = "rbxassetid://17292505729", ["Name"] = "Animation", ["Time"] = 2.63333344}}, ["PlayerCFrame"] = CFrame.new(145.36859131, 440.75439453, 32.50824356, 0.59155375, 6e-08, -0.80626553, -3e-08, 1, 5e-08, 0.80626553, -0.0, 0.59155375)}, {["PlayerAnims"] = {{["Id"] = "rbxassetid://14516273501", ["Name"] = "Animation1", ["Time"] = 0.83749956}}, ["DummyCFrame"] = CFrame.new(149.55697632, 440.75671387, 29.74264145, 0.92388153, 0, 0.38267857, 0, 1, 0, -0.38267857, 0, 0.92388153), ["Time"] = 0.07655978, ["DummyAnims"] = {{["Id"] = "rbxassetid://17292505729", ["Name"] = "Animation", ["Time"] = 2.63333344}}, ["PlayerCFrame"] = CFrame.new(145.36859131, 440.75439453, 32.50824356, 0.59155375, 7e-08, -0.80626553, -4e-08, 1, 6e-08, 0.80626553, -0.0, 0.59155375)}, {["PlayerAnims"] = {{["Id"] = "rbxassetid://14516273501", ["Name"] = "Animation1", ["Time"] = 0.84166622}}, ["DummyCFrame"] = CFrame.new(149.55697632, 440.75671387, 29.74264145, 0.92388153, 0, 0.38267857, 0, 1, 0, -0.38267857, 0, 0.92388153), ["Time"] = 0.08290076, ["DummyAnims"] = {{["Id"] = "rbxassetid://17292505729", ["Name"] = "Animation", ["Time"] = 2.63333344}}, ["PlayerCFrame"] = CFrame.new(145.36859131, 440.75439453, 32.50824356, 0.59155363, 8e-08, -0.80626565, -4e-08, 1, 6e-08, 0.80626565, -0.0, 0.59155363)}, {["PlayerAnims"] = {{["Id"] = "rbxassetid://14516273501", ["Name"] = "Animation1", ["Time"] = 0.84999955}}, ["DummyCFrame"] = CFrame.new(149.55697632, 440.75671387, 29.74264145, 0.92388153, 0, 0.38267857, 0, 1, 0, -0.38267857, 0, 0.92388153), ["Time"] = 0.08876562, ["DummyAnims"] = {{["Id"] = "rbxassetid://17292505729", ["Name"] = "Animation", ["Time"] = 2.63333344}}, ["PlayerCFrame"] = CFrame.new(145.36859131, 440.75439453, 32.50824356, 0.59155375, 1e-07, -0.80626553, -5e-08, 1, 8e-08, 0.80626553, -1e-08, 0.59155375)}, {["PlayerAnims"] = {{["Id"] = "rbxassetid://14516273501", ["Name"] = "Animation1", ["Time"] = 0.85416621}}, ["DummyCFrame"] = CFrame.new(149.55697632, 440.75671387, 29.74264145, 0.92388153, 0, 0.38267857, 0, 1, 0, -0.38267857, 0, 0.92388153), ["Time"] = 0.09472251, ["DummyAnims"] = {{["Id"] = "rbxassetid://17292505729", ["Name"] = "Animation", ["Time"] = 2.63333344}}, ["PlayerCFrame"] = CFrame.new(145.36859131, 440.75439453, 32.50824356, 0.59155363, 1e-07, -0.80626565, -6e-08, 1, 9e-08, 0.80626565, -1e-08, 0.59155363)}, {["PlayerAnims"] = {{["Id"] = "rbxassetid://14516273501", ["Name"] = "Animation1", ["Time"] = 0.86249954}}, ["DummyCFrame"] = CFrame.new(149.55697632, 440.75671387, 29.74264145, 0.92388153, 0, 0.38267857, 0, 1, 0, -0.38267857, 0, 0.92388153), ["Time"] = 0.10208488, ["DummyAnims"] = {{["Id"] = "rbxassetid://17292505729", ["Name"] = "Animation", ["Time"] = 2.63333344}}, ["PlayerCFrame"] = CFrame.new(145.36859131, 440.75439453, 32.50824356, 0.59155375, 1.1e-07, -0.80626553, -6e-08, 1, 9e-08, 0.80626553, -1e-08, 0.59155375)}, {["PlayerAnims"] = {{["Id"] = "rbxassetid://14516273501", ["Name"] = "Animation1", ["Time"] = 0.87083286}}, ["DummyCFrame"] = CFrame.new(149.55697632, 440.75671387, 29.74264145, 0.92388153, 0, 0.38267857, 0, 1, 0, -0.38267857, 0, 0.92388153), ["Time"] = 0.11140347, ["DummyAnims"] = {{["Id"] = "rbxassetid://17292505729", ["Name"] = "Animation", ["Time"] = 2.63333344}}, ["PlayerCFrame"] = CFrame.new(145.36859131, 440.75439453, 32.50824356, 0.59155375, 9e-08, -0.80626553, -5e-08, 1, 7e-08, 0.80626553, -0.0, 0.59155375)}, {["PlayerAnims"] = {{["Id"] = "rbxassetid://14516273501", ["Name"] = "Animation1", ["Time"] = 0.87916619}}, ["DummyCFrame"] = CFrame.new(149.55697632, 440.75671387, 29.74264145, 0.92388153, 0, 0.38267857, 0, 1, 0, -0.38267857, 0, 0.92388153), ["Time"] = 0.11906338, ["DummyAnims"] = {{["Id"] = "rbxassetid://17292505729", ["Name"] = "Animation", ["Time"] = 2.63333344}}, ["PlayerCFrame"] = CFrame.new(145.36859131, 440.75439453, 32.50824356, 0.59155363, 7e-08, -0.80626565, -4e-08, 1, 6e-08, 0.80626565, -0.0, 0.59155363)}, {["PlayerAnims"] = {{["Id"] = "rbxassetid://14516273501", ["Name"] = "Animation1", ["Time"] = 0.88749951}}, ["DummyCFrame"] = CFrame.new(149.55697632, 440.75671387, 29.74264145, 0.92388153, 0, 0.38267857, 0, 1, 0, -0.38267857, 0, 0.92388153), ["Time"] = 0.1269486, ["DummyAnims"] = {{["Id"] = "rbxassetid://17292505729", ["Name"] = "Animation", ["Time"] = 2.63333344}}, ["PlayerCFrame"] = CFrame.new(145.36859131, 440.75439453, 32.50824356, 0.59155363, 6e-08, -0.80626565, -3e-08, 1, 5e-08, 0.80626565, -0.0, 0.59155363)}, {["PlayerAnims"] = {{["Id"] = "rbxassetid://14516273501", ["Name"] = "Animation1", ["Time"] = 0.89166617}}, ["DummyCFrame"] = CFrame.new(149.55697632, 440.75671387, 29.74264145, 0.92388153, 0, 0.38267857, 0, 1, 0, -0.38267857, 0, 0.92388153), ["Time"] = 0.13310814, ["DummyAnims"] = {{["Id"] = "rbxassetid://17292505729", ["Name"] = "Animation", ["Time"] = 2.63333344}}, ["PlayerCFrame"] = CFrame.new(145.36859131, 440.75439453, 32.50824356, 0.59155375, 5e-08, -0.80626553, -3e-08, 1, 4e-08, 0.80626553, -0.0, 0.59155375)}, {["PlayerAnims"] = {{["Id"] = "rbxassetid://14516273501", ["Name"] = "Animation1", ["Time"] = 0.8999995}}, ["DummyCFrame"] = CFrame.new(149.55697632, 440.75671387, 29.74264145, 0.92388153, 0, 0.38267857, 0, 1, 0, -0.38267857, 0, 0.92388153), ["Time"] = 0.13984656, ["DummyAnims"] = {{["Id"] = "rbxassetid://17292505729", ["Name"] = "Animation", ["Time"] = 2.63333344}}, ["PlayerCFrame"] = CFrame.new(145.36859131, 440.75439453, 32.50824356, 0.59155375, 3e-08, -0.80626553, -2e-08, 1, 2e-08, 0.80626553, -0.0, 0.59155375)}, {["PlayerAnims"] = {{["Id"] = "rbxassetid://14516273501", ["Name"] = "Animation1", ["Time"] = 0.90416616}}, ["DummyCFrame"] = CFrame.new(149.55697632, 440.75671387, 29.74264145, 0.92388153, 0, 0.38267857, 0, 1, 0, -0.38267857, 0, 0.92388153), ["Time"] = 0.14623666, ["DummyAnims"] = {{["Id"] = "rbxassetid://17292505729", ["Name"] = "Animation", ["Time"] = 2.63333344}}, ["PlayerCFrame"] = CFrame.new(145.36859131, 440.75439453, 32.50824356, 0.59155363, 2e-08, -0.80626565, -1e-08, 1, 2e-08, 0.80626565, -0.0, 0.59155363)}, {["PlayerAnims"] = {{["Id"] = "rbxassetid://14516273501", ["Name"] = "Animation1", ["Time"] = 0.91249949}}, ["DummyCFrame"] = CFrame.new(149.55697632, 440.75671387, 29.74264145, 0.92388153, 0, 0.38267857, 0, 1, 0, -0.38267857, 0, 0.92388153), ["Time"] = 0.15177655, ["DummyAnims"] = {{["Id"] = "rbxassetid://17292505729", ["Name"] = "Animation", ["Time"] = 2.63333344}}, ["PlayerCFrame"] = CFrame.new(145.36859131, 440.75439453, 32.50824356, 0.59155375, 0.0, -0.80626553, -0.0, 1, 0.0, 0.80626553, -0.0, 0.59155375)}, {["PlayerAnims"] = {{["Id"] = "rbxassetid://14516273501", ["Name"] = "Animation1", ["Time"] = 0.91666615}}, ["DummyCFrame"] = CFrame.new(149.55697632, 440.75671387, 29.74264145, 0.92388153, 0, 0.38267857, 0, 1, 0, -0.38267857, 0, 0.92388153), ["Time"] = 0.15942788, ["DummyAnims"] = {{["Id"] = "rbxassetid://17292505729", ["Name"] = "Animation", ["Time"] = 2.63333344}}, ["PlayerCFrame"] = CFrame.new(145.36859131, 440.75439453, 32.50824356, 0.59155375, -0.0, -0.80626553, 0.0, 1, -0.0, 0.80626553, 0.0, 0.59155375)}, {["PlayerAnims"] = {{["Id"] = "rbxassetid://14516273501", ["Name"] = "Animation1", ["Time"] = 0.92916614}}, ["DummyCFrame"] = CFrame.new(149.55697632, 440.75671387, 29.74264145, 0.92388153, 0, 0.38267857, 0, 1, 0, -0.38267857, 0, 0.92388153), ["Time"] = 0.1695478, ["DummyAnims"] = {{["Id"] = "rbxassetid://17292505729", ["Name"] = "Animation", ["Time"] = 2.63333344}}, ["PlayerCFrame"] = CFrame.new(145.36859131, 440.75439453, 32.50824356, 0.59155363, -3e-08, -0.80626565, 2e-08, 1, -2e-08, 0.80626565, 0.0, 0.59155363)}, {["PlayerAnims"] = {{["Id"] = "rbxassetid://14516273501", ["Name"] = "Animation1", ["Time"] = 0.93749946}}, ["DummyCFrame"] = CFrame.new(149.55697632, 440.75671387, 29.74264145, 0.92388153, 0, 0.38267857, 0, 1, 0, -0.38267857, 0, 0.92388153), ["Time"] = 0.17734671, ["DummyAnims"] = {{["Id"] = "rbxassetid://17292505729", ["Name"] = "Animation", ["Time"] = 2.63333344}}, ["PlayerCFrame"] = CFrame.new(145.36859131, 440.75439453, 32.50824356, 0.59155363, -5e-08, -0.80626565, 3e-08, 1, -4e-08, 0.80626565, 0.0, 0.59155363)}, {["PlayerAnims"] = {{["Id"] = "rbxassetid://14516273501", ["Name"] = "Animation1", ["Time"] = 0.94166613}}, ["DummyCFrame"] = CFrame.new(149.55697632, 440.75671387, 29.74264145, 0.92388153, 0, 0.38267857, 0, 1, 0, -0.38267857, 0, 0.92388153), ["Time"] = 0.18300819, ["DummyAnims"] = {{["Id"] = "rbxassetid://17292505729", ["Name"] = "Animation", ["Time"] = 2.63333344}}, ["PlayerCFrame"] = CFrame.new(145.36859131, 440.75439453, 32.50824356, 0.59155375, -5e-08, -0.80626553, 3e-08, 1, -5e-08, 0.80626553, 0.0, 0.59155375)}, {["PlayerAnims"] = {{["Id"] = "rbxassetid://14516273501", ["Name"] = "Animation1", ["Time"] = 0.96249944}}, ["DummyCFrame"] = CFrame.new(149.55697632, 440.75671387, 29.74264145, 0.92388153, 0, 0.38267857, 0, 1, 0, -0.38267857, 0, 0.92388153), ["Time"] = 0.20234227, ["DummyAnims"] = {{["Id"] = "rbxassetid://17292505729", ["Name"] = "Animation", ["Time"] = 2.63333344}}, ["PlayerCFrame"] = CFrame.new(145.36859131, 440.75439453, 32.50824356, 0.59155375, -1e-07, -0.80626553, 5e-08, 1, -8e-08, 0.80626553, 1e-08, 0.59155375)}, {["PlayerAnims"] = {{["Id"] = "rbxassetid://14516273501", ["Name"] = "Animation1", ["Time"] = 0.97083277}}, ["DummyCFrame"] = CFrame.new(149.55697632, 440.75671387, 29.74264145, 0.92388153, 0, 0.38267857, 0, 1, 0, -0.38267857, 0, 0.92388153), ["Time"] = 0.21277833, ["DummyAnims"] = {{["Id"] = "rbxassetid://17292505729", ["Name"] = "Animation", ["Time"] = 2.63333344}}, ["PlayerCFrame"] = CFrame.new(145.36859131, 440.75439453, 32.50824356, 0.59155375, -1.1e-07, -0.80626553, 6e-08, 1, -1e-07, 0.80626553, 1e-08, 0.59155375)}, {["PlayerAnims"] = {{["Id"] = "rbxassetid://14516273501", ["Name"] = "Animation1", ["Time"] = 0.98749942}}, ["DummyCFrame"] = CFrame.new(149.55697632, 440.75671387, 29.74264145, 0.92388153, 0, 0.38267857, 0, 1, 0, -0.38267857, 0, 0.92388153), ["Time"] = 0.2278161, ["DummyAnims"] = {{["Id"] = "rbxassetid://17292505729", ["Name"] = "Animation", ["Time"] = 2.63333344}}, ["PlayerCFrame"] = CFrame.new(145.36859131, 440.75439453, 32.50824356, 0.59155363, -9e-08, -0.80626565, 5e-08, 1, -8e-08, 0.80626565, 1e-08, 0.59155363)}, {["PlayerAnims"] = {{["Id"] = "rbxassetid://14516273501", ["Name"] = "Animation1", ["Time"] = 0.99583274}}, ["DummyCFrame"] = CFrame.new(149.55697632, 440.75671387, 29.74264145, 0.92388153, 0, 0.38267857, 0, 1, 0, -0.38267857, 0, 0.92388153), ["Time"] = 0.23377419, ["DummyAnims"] = {{["Id"] = "rbxassetid://17292505729", ["Name"] = "Animation", ["Time"] = 2.63333344}}, ["PlayerCFrame"] = CFrame.new(145.36859131, 440.75439453, 32.50824356, 0.59155375, -7e-08, -0.80626553, 4e-08, 1, -6e-08, 0.80626553, 0.0, 0.59155375)}, {["PlayerAnims"] = {{["Id"] = "rbxassetid://14516273501", ["Name"] = "Animation1", ["Time"] = 1.00416613}}, ["DummyCFrame"] = CFrame.new(149.55697632, 440.75671387, 29.74264145, 0.92388153, 0, 0.38267857, 0, 1, 0, -0.38267857, 0, 0.92388153), ["Time"] = 0.24060273, ["DummyAnims"] = {{["Id"] = "rbxassetid://17292505729", ["Name"] = "Animation", ["Time"] = 2.63333344}}, ["PlayerCFrame"] = CFrame.new(145.36859131, 440.75439453, 32.50824356, 0.59155375, -5e-08, -0.80626553, 3e-08, 1, -4e-08, 0.80626553, 0.0, 0.59155375)}, {["PlayerAnims"] = {{["Id"] = "rbxassetid://14516273501", ["Name"] = "Animation1", ["Time"] = 1.00833285}}, ["DummyCFrame"] = CFrame.new(149.55697632, 440.75671387, 29.74264145, 0.92388153, 0, 0.38267857, 0, 1, 0, -0.38267857, 0, 0.92388153), ["Time"] = 0.24701047, ["DummyAnims"] = {{["Id"] = "rbxassetid://17292505729", ["Name"] = "Animation", ["Time"] = 2.63333344}}, ["PlayerCFrame"] = CFrame.new(145.36859131, 440.75439453, 32.50824356, 0.59155363, -4e-08, -0.80626565, 2e-08, 1, -4e-08, 0.80626565, 0.0, 0.59155363)}, {["PlayerAnims"] = {{["Id"] = "rbxassetid://14516273501", ["Name"] = "Animation1", ["Time"] = 1.01666617}}, ["DummyCFrame"] = CFrame.new(149.55697632, 440.75671387, 29.74264145, 0.92388153, 0, 0.38267857, 0, 1, 0, -0.38267857, 0, 0.92388153), ["Time"] = 0.25438619, ["DummyAnims"] = {{["Id"] = "rbxassetid://17292505729", ["Name"] = "Animation", ["Time"] = 2.63333344}}, ["PlayerCFrame"] = CFrame.new(145.36859131, 440.75439453, 32.50824356, 0.59155363, -2e-08, -0.80626565, 1e-08, 1, -2e-08, 0.80626565, 0.0, 0.59155363)}, {["PlayerAnims"] = {{["Id"] = "rbxassetid://14516273501", ["Name"] = "Animation1", ["Time"] = 1.0208329}}, ["DummyCFrame"] = CFrame.new(149.55697632, 440.75671387, 29.74264145, 0.92388153, 0, 0.38267857, 0, 1, 0, -0.38267857, 0, 0.92388153), ["Time"] = 0.26095104, ["DummyAnims"] = {{["Id"] = "rbxassetid://17292505729", ["Name"] = "Animation", ["Time"] = 2.63333344}}, ["PlayerCFrame"] = CFrame.new(145.36859131, 440.75439453, 32.50824356, 0.59155375, -1e-08, -0.80626553, 1e-08, 1, -1e-08, 0.80626553, 0.0, 0.59155375)}, {["PlayerAnims"] = {{["Id"] = "rbxassetid://14516273501", ["Name"] = "Animation1", ["Time"] = 1.02916622}}, ["DummyCFrame"] = CFrame.new(149.55697632, 440.75671387, 29.74264145, 0.92388153, 0, 0.38267857, 0, 1, 0, -0.38267857, 0, 0.92388153), ["Time"] = 0.26694608, ["DummyAnims"] = {{["Id"] = "rbxassetid://17292505729", ["Name"] = "Animation", ["Time"] = 2.63333344}}, ["PlayerCFrame"] = CFrame.new(145.36859131, 440.75439453, 32.50824356, 0.59155375, 1e-08, -0.80626553, -0.0, 1, 1e-08, 0.80626553, -0.0, 0.59155375)}, {["PlayerAnims"] = {{["Id"] = "rbxassetid://14516273501", ["Name"] = "Animation1", ["Time"] = 1.03333294}}, ["DummyCFrame"] = CFrame.new(149.55697632, 440.75671387, 29.74264145, 0.92388153, 0, 0.38267857, 0, 1, 0, -0.38267857, 0, 0.92388153), ["Time"] = 0.27236509, ["DummyAnims"] = {{["Id"] = "rbxassetid://17292505729", ["Name"] = "Animation", ["Time"] = 2.63333344}}, ["PlayerCFrame"] = CFrame.new(145.36859131, 440.75439453, 32.50824356, 0.59155375, 2e-08, -0.80626553, -1e-08, 1, 1e-08, 0.80626553, -0.0, 0.59155375)}, {["PlayerAnims"] = {{["Id"] = "rbxassetid://14516273501", ["Name"] = "Animation1", ["Time"] = 1.04166627}}, ["DummyCFrame"] = CFrame.new(149.55697632, 440.75671387, 29.74264145, 0.92388153, 0, 0.38267857, 0, 1, 0, -0.38267857, 0, 0.92388153), ["Time"] = 0.27845216, ["DummyAnims"] = {{["Id"] = "rbxassetid://17292505729", ["Name"] = "Animation", ["Time"] = 2.63333344}}, ["PlayerCFrame"] = CFrame.new(145.36859131, 440.75439453, 32.50824356, 0.59155363, 4e-08, -0.80626565, -2e-08, 1, 3e-08, 0.80626565, -0.0, 0.59155363)}, {["PlayerAnims"] = {{["Id"] = "rbxassetid://14516273501", ["Name"] = "Animation1", ["Time"] = 1.04583299}}, ["DummyCFrame"] = CFrame.new(149.55697632, 440.75671387, 29.74264145, 0.92388153, 0, 0.38267857, 0, 1, 0, -0.38267857, 0, 0.92388153), ["Time"] = 0.28362298, ["DummyAnims"] = {{["Id"] = "rbxassetid://17292505729", ["Name"] = "Animation", ["Time"] = 2.63333344}}, ["PlayerCFrame"] = CFrame.new(145.36859131, 440.75439453, 32.50824356, 0.59155375, 5e-08, -0.80626553, -3e-08, 1, 4e-08, 0.80626553, -0.0, 0.59155375)}, {["PlayerAnims"] = {{["Id"] = "rbxassetid://14516273501", ["Name"] = "Animation1", ["Time"] = 1.05416632}}, ["DummyCFrame"] = CFrame.new(149.55697632, 440.75671387, 29.74264145, 0.92388153, 0, 0.38267857, 0, 1, 0, -0.38267857, 0, 0.92388153), ["Time"] = 0.29108572, ["DummyAnims"] = {{["Id"] = "rbxassetid://17292505729", ["Name"] = "Animation", ["Time"] = 2.63333344}}, ["PlayerCFrame"] = CFrame.new(145.36859131, 440.75439453, 32.50824356, 0.59155363, 7e-08, -0.80626565, -4e-08, 1, 6e-08, 0.80626565, -0.0, 0.59155363)}, {["PlayerAnims"] = {{["Id"] = "rbxassetid://14516273501", ["Name"] = "Animation1", ["Time"] = 1.05833304}}, ["DummyCFrame"] = CFrame.new(149.55697632, 440.75671387, 29.74264145, 0.92388153, 0, 0.38267857, 0, 1, 0, -0.38267857, 0, 0.92388153), ["Time"] = 0.29583597, ["DummyAnims"] = {{["Id"] = "rbxassetid://17292505729", ["Name"] = "Animation", ["Time"] = 2.63333344}}, ["PlayerCFrame"] = CFrame.new(145.36859131, 440.75439453, 32.50824356, 0.59155375, 8e-08, -0.80626553, -4e-08, 1, 6e-08, 0.80626553, -0.0, 0.59155375)}, {["PlayerAnims"] = {{["Id"] = "rbxassetid://14516273501", ["Name"] = "Animation1", ["Time"] = 1.06249976}}, ["DummyCFrame"] = CFrame.new(149.55697632, 440.75671387, 29.74264145, 0.92388153, 0, 0.38267857, 0, 1, 0, -0.38267857, 0, 0.92388153), ["Time"] = 0.30110669, ["DummyAnims"] = {{["Id"] = "rbxassetid://17292505729", ["Name"] = "Animation", ["Time"] = 2.63333344}}, ["PlayerCFrame"] = CFrame.new(145.36859131, 440.75439453, 32.50824356, 0.59155375, 9e-08, -0.80626553, -5e-08, 1, 7e-08, 0.80626553, -0.0, 0.59155375)}, {["PlayerAnims"] = {{["Id"] = "rbxassetid://14516273501", ["Name"] = "Animation1", ["Time"] = 1.07083309}}, ["DummyCFrame"] = CFrame.new(149.55697632, 440.75671387, 29.74264145, 0.92388153, 0, 0.38267857, 0, 1, 0, -0.38267857, 0, 0.92388153), ["Time"] = 0.30923963, ["DummyAnims"] = {{["Id"] = "rbxassetid://17292505729", ["Name"] = "Animation", ["Time"] = 2.63333344}}, ["PlayerCFrame"] = CFrame.new(145.36859131, 440.75439453, 32.50824356, 0.59155375, 1.1e-07, -0.80626553, -6e-08, 1, 9e-08, 0.80626553, -1e-08, 0.59155375)}, {["PlayerAnims"] = {{["Id"] = "rbxassetid://14516273501", ["Name"] = "Animation1", ["Time"] = 1.07916641}}, ["DummyCFrame"] = CFrame.new(149.55697632, 440.75671387, 29.74264145, 0.92388153, 0, 0.38267857, 0, 1, 0, -0.38267857, 0, 0.92388153), ["Time"] = 0.31711912, ["DummyAnims"] = {{["Id"] = "rbxassetid://17292505729", ["Name"] = "Animation", ["Time"] = 2.63333344}}, ["PlayerCFrame"] = CFrame.new(145.36859131, 440.75439453, 32.50824356, 0.59155375, 1.1e-07, -0.80626553, -6e-08, 1, 9e-08, 0.80626553, -1e-08, 0.59155375)}, {["PlayerAnims"] = {{["Id"] = "rbxassetid://14516273501", ["Name"] = "Animation1", ["Time"] = 1.08749974}}, ["DummyCFrame"] = CFrame.new(149.55697632, 440.75671387, 29.74264145, 0.92388153, 0, 0.38267857, 0, 1, 0, -0.38267857, 0, 0.92388153), ["Time"] = 0.32489967, ["DummyAnims"] = {{["Id"] = "rbxassetid://17292505729", ["Name"] = "Animation", ["Time"] = 2.63333344}}, ["PlayerCFrame"] = CFrame.new(145.36859131, 440.75439453, 32.50824356, 0.59155363, 9e-08, -0.80626565, -5e-08, 1, 8e-08, 0.80626565, -1e-08, 0.59155363)}, {["PlayerAnims"] = {{["Id"] = "rbxassetid://14516273501", ["Name"] = "Animation1", ["Time"] = 1.09166646}}, ["DummyCFrame"] = CFrame.new(149.55697632, 440.75671387, 29.74264145, 0.92388153, 0, 0.38267857, 0, 1, 0, -0.38267857, 0, 0.92388153), ["Time"] = 0.33261323, ["DummyAnims"] = {}, ["PlayerCFrame"] = CFrame.new(145.36859131, 440.75439453, 32.50824356, 0.59155375, 8e-08, -0.80626553, -5e-08, 1, 7e-08, 0.80626553, -0.0, 0.59155375)}, {["PlayerAnims"] = {{["Id"] = "rbxassetid://14516273501", ["Name"] = "Animation1", ["Time"] = 1.09999979}}, ["DummyCFrame"] = CFrame.new(149.55697632, 440.75671387, 29.74264145, 0.92388153, 0, 0.38267857, 0, 1, 0, -0.38267857, 0, 0.92388153), ["Time"] = 0.34025621, ["DummyAnims"] = {}, ["PlayerCFrame"] = CFrame.new(145.36859131, 440.75439453, 32.50824356, 0.59155363, 7e-08, -0.80626565, -4e-08, 1, 6e-08, 0.80626565, -0.0, 0.59155363)}, {["PlayerAnims"] = {{["Id"] = "rbxassetid://14516273501", ["Name"] = "Animation1", ["Time"] = 1.10833311}}, ["DummyCFrame"] = CFrame.new(149.55697632, 440.75671387, 29.74264145, 0.92388153, 0, 0.38267857, 0, 1, 0, -0.38267857, 0, 0.92388153), ["Time"] = 0.34727955, ["DummyAnims"] = {}, ["PlayerCFrame"] = CFrame.new(145.36859131, 440.75439453, 32.50824356, 0.59155363, 5e-08, -0.80626565, -3e-08, 1, 4e-08, 0.80626565, -0.0, 0.59155363)}, {["PlayerAnims"] = {{["Id"] = "rbxassetid://14516273501", ["Name"] = "Animation1", ["Time"] = 1.11249983}}, ["DummyCFrame"] = CFrame.new(149.55697632, 440.75671387, 29.74264145, 0.92388153, 0, 0.38267857, 0, 1, 0, -0.38267857, 0, 0.92388153), ["Time"] = 0.35373878, ["DummyAnims"] = {}, ["PlayerCFrame"] = CFrame.new(145.36859131, 440.75439453, 32.50824356, 0.59155363, 4e-08, -0.80626565, -2e-08, 1, 3e-08, 0.80626565, -0.0, 0.59155363)}, {["PlayerAnims"] = {{["Id"] = "rbxassetid://14516273501", ["Name"] = "Animation1", ["Time"] = 1.12083316}}, ["DummyCFrame"] = CFrame.new(149.55697632, 440.75671387, 29.74264145, 0.92388153, 0, 0.38267857, 0, 1, 0, -0.38267857, 0, 0.92388153), ["Time"] = 0.36184978, ["DummyAnims"] = {}, ["PlayerCFrame"] = CFrame.new(145.36859131, 440.75439453, 32.50824356, 0.59155363, 2e-08, -0.80626565, -1e-08, 1, 2e-08, 0.80626565, -0.0, 0.59155363)}, {["PlayerAnims"] = {{["Id"] = "rbxassetid://14516273501", ["Name"] = "Animation1", ["Time"] = 1.12916648}}, ["DummyCFrame"] = CFrame.new(149.55697632, 440.75671387, 29.74264145, 0.92388153, 0, 0.38267857, 0, 1, 0, -0.38267857, 0, 0.92388153), ["Time"] = 0.36983681, ["DummyAnims"] = {}, ["PlayerCFrame"] = CFrame.new(145.36859131, 440.75439453, 32.50824356, 0.59155363, 1e-08, -0.80626565, -0.0, 1, 1e-08, 0.80626565, -0.0, 0.59155363)}, {["PlayerAnims"] = {{["Id"] = "rbxassetid://14516273501", ["Name"] = "Animation1", ["Time"] = 1.13749981}}, ["DummyCFrame"] = CFrame.new(149.55697632, 440.75671387, 29.74264145, 0.92388153, 0, 0.38267857, 0, 1, 0, -0.38267857, 0, 0.92388153), ["Time"] = 0.37598515, ["DummyAnims"] = {}, ["PlayerCFrame"] = CFrame.new(145.36859131, 440.75439453, 32.50824356, 0.59155363, -1e-08, -0.80626565, 0.0, 1, -1e-08, 0.80626565, 0.0, 0.59155363)}, {["PlayerAnims"] = {{["Id"] = "rbxassetid://14516273501", ["Name"] = "Animation1", ["Time"] = 1.14583313}}, ["DummyCFrame"] = CFrame.new(149.55697632, 440.75671387, 29.74264145, 0.92388153, 0, 0.38267857, 0, 1, 0, -0.38267857, 0, 0.92388153), ["Time"] = 0.38493872, ["DummyAnims"] = {}, ["PlayerCFrame"] = CFrame.new(145.36859131, 440.75439453, 32.50824356, 0.59155375, -3e-08, -0.80626553, 1e-08, 1, -2e-08, 0.80626553, 0.0, 0.59155375)}, {["PlayerAnims"] = {{["Id"] = "rbxassetid://14516273501", ["Name"] = "Animation1", ["Time"] = 1.15416646}}, ["DummyCFrame"] = CFrame.new(149.55697632, 440.75671387, 29.74264145, 0.92388153, 0, 0.38267857, 0, 1, 0, -0.38267857, 0, 0.92388153), ["Time"] = 0.39450765, ["DummyAnims"] = {}, ["PlayerCFrame"] = CFrame.new(145.36859131, 440.75439453, 32.50824356, 0.59155363, -4e-08, -0.80626565, 2e-08, 1, -3e-08, 0.80626565, 0.0, 0.59155363)}, {["PlayerAnims"] = {{["Id"] = "rbxassetid://14516273501", ["Name"] = "Animation1", ["Time"] = 1.16249979}}, ["DummyCFrame"] = CFrame.new(149.55697632, 440.75671387, 29.74264145, 0.92388153, 0, 0.38267857, 0, 1, 0, -0.38267857, 0, 0.92388153), ["Time"] = 0.40430498, ["DummyAnims"] = {}, ["PlayerCFrame"] = CFrame.new(145.36859131, 440.75439453, 32.50824356, 0.59155375, -6e-08, -0.80626553, 3e-08, 1, -5e-08, 0.80626553, 0.0, 0.59155375)}, {["PlayerAnims"] = {{["Id"] = "rbxassetid://14516273501", ["Name"] = "Animation1", ["Time"] = 1.17499983}}, ["DummyCFrame"] = CFrame.new(149.55697632, 440.75671387, 29.74264145, 0.92388153, 0, 0.38267857, 0, 1, 0, -0.38267857, 0, 0.92388153), ["Time"] = 0.4141233, ["DummyAnims"] = {}, ["PlayerCFrame"] = CFrame.new(145.36859131, 440.75439453, 32.50824356, 0.59155363, -8e-08, -0.80626565, 5e-08, 1, -7e-08, 0.80626565, 0.0, 0.59155363)}, {["PlayerAnims"] = {{["Id"] = "rbxassetid://14516273501", ["Name"] = "Animation1", ["Time"] = 1.18333316}}, ["DummyCFrame"] = CFrame.new(149.55697632, 440.75671387, 29.74264145, 0.92388153, 0, 0.38267857, 0, 1, 0, -0.38267857, 0, 0.92388153), ["Time"] = 0.42085958, ["DummyAnims"] = {}, ["PlayerCFrame"] = CFrame.new(145.36859131, 440.75439453, 32.50824356, 0.59155375, -1e-07, -0.80626553, 5e-08, 1, -8e-08, 0.80626553, 1e-08, 0.59155375)}, {["PlayerAnims"] = {{["Id"] = "rbxassetid://14516273501", ["Name"] = "Animation1", ["Time"] = 1.19166648}}, ["DummyCFrame"] = CFrame.new(149.55697632, 440.75671387, 29.74264145, 0.92388153, 0, 0.38267857, 0, 1, 0, -0.38267857, 0, 0.92388153), ["Time"] = 0.43038368, ["DummyAnims"] = {}, ["PlayerCFrame"] = CFrame.new(145.36859131, 440.75439453, 32.50824356, 0.59155363, -1.2e-07, -0.80626565, 6e-08, 1, -1e-07, 0.80626565, 1e-08, 0.59155363)}, {["PlayerAnims"] = {{["Id"] = "rbxassetid://14516273501", ["Name"] = "Animation1", ["Time"] = 1.19999981}}, ["DummyCFrame"] = CFrame.new(149.55697632, 440.75671387, 29.74264145, 0.92388153, 0, 0.38267857, 0, 1, 0, -0.38267857, 0, 0.92388153), ["Time"] = 0.43859172, ["DummyAnims"] = {}, ["PlayerCFrame"] = CFrame.new(145.36859131, 440.75439453, 32.50824356, 0.59155363, -1e-07, -0.80626565, 5e-08, 1, -8e-08, 0.80626565, 1e-08, 0.59155363)}, {["PlayerAnims"] = {{["Id"] = "rbxassetid://14516273501", ["Name"] = "Animation1", ["Time"] = 1.20416653}}, ["DummyCFrame"] = CFrame.new(149.55697632, 440.75671387, 29.74264145, 0.92388153, 0, 0.38267857, 0, 1, 0, -0.38267857, 0, 0.92388153), ["Time"] = 0.44441366, ["DummyAnims"] = {}, ["PlayerCFrame"] = CFrame.new(145.36859131, 440.75439453, 32.50824356, 0.59155363, -9e-08, -0.80626565, 5e-08, 1, -7e-08, 0.80626565, 0.0, 0.59155363)}, {["PlayerAnims"] = {{["Id"] = "rbxassetid://14516273501", ["Name"] = "Animation1", ["Time"] = 1.21249986}}, ["DummyCFrame"] = CFrame.new(149.55697632, 440.75671387, 29.74264145, 0.92388153, 0, 0.38267857, 0, 1, 0, -0.38267857, 0, 0.92388153), ["Time"] = 0.45194697, ["DummyAnims"] = {}, ["PlayerCFrame"] = CFrame.new(145.36859131, 440.75439453, 32.50824356, 0.59155363, -7e-08, -0.80626565, 4e-08, 1, -6e-08, 0.80626565, 0.0, 0.59155363)}, {["PlayerAnims"] = {{["Id"] = "rbxassetid://14516273501", ["Name"] = "Animation1", ["Time"] = 1.22083318}}, ["DummyCFrame"] = CFrame.new(149.55697632, 440.75671387, 29.74264145, 0.92388153, 0, 0.38267857, 0, 1, 0, -0.38267857, 0, 0.92388153), ["Time"] = 0.45996952, ["DummyAnims"] = {}, ["PlayerCFrame"] = CFrame.new(145.36859131, 440.75439453, 32.50824356, 0.59013176, -5e-08, -0.80730695, 3e-08, 1, -4e-08, 0.80730695, 0.0, 0.59013176)}, {["PlayerAnims"] = {{["Id"] = "rbxassetid://14516273501", ["Name"] = "Animation1", ["Time"] = 1.2249999}}, ["DummyCFrame"] = CFrame.new(149.55697632, 440.75671387, 29.74264145, 0.92388153, 0, 0.38267857, 0, 1, 0, -0.38267857, 0, 0.92388153), ["Time"] = 0.46558833, ["DummyAnims"] = {}, ["PlayerCFrame"] = CFrame.new(145.36859131, 440.75439453, 32.50824356, 0.58728188, -4e-08, -0.80938244, 2e-08, 1, -3e-08, 0.80938244, 0.0, 0.58728188)}, {["PlayerAnims"] = {{["Id"] = "rbxassetid://14516273501", ["Name"] = "Animation1", ["Time"] = 1.23333323}}, ["DummyCFrame"] = CFrame.new(149.55697632, 440.75671387, 29.74264145, 0.92388153, 0, 0.38267857, 0, 1, 0, -0.38267857, 0, 0.92388153), ["Time"] = 0.47156596, ["DummyAnims"] = {}, ["PlayerCFrame"] = CFrame.new(145.36859131, 440.75439453, 32.50824356, 0.58585405, -2e-08, -0.81041658, 1e-08, 1, -2e-08, 0.81041658, 0.0, 0.58585405)}, {["PlayerAnims"] = {{["Id"] = "rbxassetid://14516273501", ["Name"] = "Animation1", ["Time"] = 1.23749995}}, ["DummyCFrame"] = CFrame.new(149.55697632, 440.75671387, 29.74264145, 0.92388153, 0, 0.38267857, 0, 1, 0, -0.38267857, 0, 0.92388153), ["Time"] = 0.4780736, ["DummyAnims"] = {}, ["PlayerCFrame"] = CFrame.new(145.36859131, 440.75439453, 32.50824356, 0.58513963, -1e-08, -0.81093252, 1e-08, 1, -1e-08, 0.81093252, 0.0, 0.58513963)}, {["PlayerAnims"] = {{["Id"] = "rbxassetid://14516273501", ["Name"] = "Animation1", ["Time"] = 1.24583328}}, ["DummyCFrame"] = CFrame.new(149.55697632, 440.75671387, 29.74264145, 0.92388153, 0, 0.38267857, 0, 1, 0, -0.38267857, 0, 0.92388153), ["Time"] = 0.48313141, ["DummyAnims"] = {}, ["PlayerCFrame"] = CFrame.new(145.36859131, 440.75439453, 32.50824356, 0.58513951, 0.0, -0.81093264, -0.0, 1, 0.0, 0.81093264, -0.0, 0.58513951)}, {["PlayerAnims"] = {{["Id"] = "rbxassetid://14516273501", ["Name"] = "Animation1", ["Time"] = 1.2541666}, {["Id"] = "rbxassetid://10469493270", ["Name"] = "Animation", ["Time"] = 0.01}}, ["DummyCFrame"] = CFrame.new(149.55697632, 440.75671387, 29.74264145, 0.92388153, 0, 0.38267857, 0, 1, 0, -0.38267857, 0, 0.92388153), ["Time"] = 0.49457097, ["DummyAnims"] = {}, ["PlayerCFrame"] = CFrame.new(145.36859131, 440.75439453, 32.50824356, 0.5844245, 2e-08, -0.8114481, -1e-08, 1, 2e-08, 0.8114481, -0.0, 0.5844245)}, {["PlayerAnims"] = {{["Id"] = "rbxassetid://14516273501", ["Name"] = "Animation1", ["Time"] = 1.25833333}, {["Id"] = "rbxassetid://10469493270", ["Name"] = "Animation", ["Time"] = 0.015}}, ["DummyCFrame"] = CFrame.new(149.55697632, 440.75671387, 29.74264145, 0.92388153, 0, 0.38267857, 0, 1, 0, -0.38267857, 0, 0.92388153), ["Time"] = 0.50085425, ["DummyAnims"] = {}, ["PlayerCFrame"] = CFrame.new(145.36859131, 440.75439453, 32.50824356, 0.58012539, 3e-08, -0.81452721, -2e-08, 1, 3e-08, 0.81452721, -0.0, 0.58012539)}, {["PlayerAnims"] = {{["Id"] = "rbxassetid://14516273501", ["Name"] = "Animation1", ["Time"] = 1.27083337}, {["Id"] = "rbxassetid://10469493270", ["Name"] = "Animation", ["Time"] = 0.03}}, ["DummyCFrame"] = CFrame.new(149.55697632, 440.75671387, 29.74264145, 0.92388153, 0, 0.38267857, 0, 1, 0, -0.38267857, 0, 0.92388153), ["Time"] = 0.50854492, ["DummyAnims"] = {}, ["PlayerCFrame"] = CFrame.new(145.36859131, 440.75439453, 32.50824356, 0.57940739, 6e-08, -0.81503808, -3e-08, 1, 5e-08, 0.81503808, -0.0, 0.57940739)}, {["PlayerAnims"] = {{["Id"] = "rbxassetid://14516273501", ["Name"] = "Animation1", ["Time"] = 1.2750001}, {["Id"] = "rbxassetid://10469493270", ["Name"] = "Animation", ["Time"] = 0.035}}, ["DummyCFrame"] = CFrame.new(149.55697632, 440.75671387, 29.74264145, 0.92388153, 0, 0.38267857, 0, 1, 0, -0.38267857, 0, 0.92388153), ["Time"] = 0.51484179, ["DummyAnims"] = {}, ["PlayerCFrame"] = CFrame.new(145.36859131, 440.75439453, 32.50824356, 0.5758099, 7e-08, -0.81758362, -4e-08, 1, 6e-08, 0.81758362, -0.0, 0.5758099)}, {["PlayerAnims"] = {{["Id"] = "rbxassetid://14516273501", ["Name"] = "Animation1", ["Time"] = 1.28333342}, {["Id"] = "rbxassetid://10469493270", ["Name"] = "Animation", ["Time"] = 0.045}}, ["DummyCFrame"] = CFrame.new(149.55697632, 440.75671387, 29.74264145, 0.92388153, 0, 0.38267857, 0, 1, 0, -0.38267857, 0, 0.92388153), ["Time"] = 0.52133322, ["DummyAnims"] = {}, ["PlayerCFrame"] = CFrame.new(145.36859131, 440.75439453, 32.50824356, 0.57220119, 9e-08, -0.8201133, -5e-08, 1, 7e-08, 0.8201133, -0.0, 0.57220119)}, {["PlayerAnims"] = {{["Id"] = "rbxassetid://14516273501", ["Name"] = "Animation1", ["Time"] = 1.28750014}, {["Id"] = "rbxassetid://10469493270", ["Name"] = "Animation", ["Time"] = 0.05}}, ["DummyCFrame"] = CFrame.new(149.55697632, 440.75671387, 29.74264145, 0.92388153, 0, 0.38267857, 0, 1, 0, -0.38267857, 0, 0.92388153), ["Time"] = 0.52937222, ["DummyAnims"] = {}, ["PlayerCFrame"] = CFrame.new(145.36859131, 440.75439453, 32.50824356, 0.56713027, 1e-07, -0.82362813, -5e-08, 1, 8e-08, 0.82362813, -0.0, 0.56713027)}, {["PlayerAnims"] = {{["Id"] = "rbxassetid://14516273501", ["Name"] = "Animation1", ["Time"] = 1.29583347}, {["Id"] = "rbxassetid://10469493270", ["Name"] = "Animation", ["Time"] = 0.06}}, ["DummyCFrame"] = CFrame.new(149.55697632, 440.75671387, 29.74264145, 0.92388153, 0, 0.38267857, 0, 1, 0, -0.38267857, 0, 0.92388153), ["Time"] = 0.53492188, ["DummyAnims"] = {}, ["PlayerCFrame"] = CFrame.new(145.36859131, 440.75439453, 32.50824356, 0.5649507, 1.2e-07, -0.82512462, -6e-08, 1, 1e-07, 0.82512462, -1e-08, 0.5649507)}, {["PlayerAnims"] = {{["Id"] = "rbxassetid://14516273501", ["Name"] = "Animation1", ["Time"] = 1.30000019}, {["Id"] = "rbxassetid://10469493270", ["Name"] = "Animation", ["Time"] = 0.06500001}}, ["DummyCFrame"] = CFrame.new(149.55697632, 440.75671387, 29.74264145, 0.92388153, 0, 0.38267857, 0, 1, 0, -0.38267857, 0, 0.92388153), ["Time"] = 0.54047656, ["DummyAnims"] = {}, ["PlayerCFrame"] = CFrame.new(145.36859131, 440.75439453, 32.50824356, 0.5649507, 1.1e-07, -0.82512462, -6e-08, 1, 9e-08, 0.82512462, -0.0, 0.5649507)}, {["PlayerAnims"] = {{["Id"] = "rbxassetid://14516273501", ["Name"] = "Animation1", ["Time"] = 1.30833352}, {["Id"] = "rbxassetid://10469493270", ["Name"] = "Animation", ["Time"] = 0.075}}, ["DummyCFrame"] = CFrame.new(149.55697632, 440.75671387, 29.74264145, 0.92388153, 0, 0.38267857, 0, 1, 0, -0.38267857, 0, 0.92388153), ["Time"] = 0.54615259, ["DummyAnims"] = {}, ["PlayerCFrame"] = CFrame.new(145.36859131, 440.75439453, 32.50824356, 0.56349534, 9e-08, -0.82611924, -5e-08, 1, 8e-08, 0.82611924, -0.0, 0.56349534)}, {["PlayerAnims"] = {{["Id"] = "rbxassetid://14516273501", ["Name"] = "Animation1", ["Time"] = 1.31250024}, {["Id"] = "rbxassetid://10469493270", ["Name"] = "Animation", ["Time"] = 0.08000001}}, ["DummyCFrame"] = CFrame.new(149.55697632, 440.75671387, 29.74264145, 0.92388153, 0, 0.38267857, 0, 1, 0, -0.38267857, 0, 0.92388153), ["Time"] = 0.55160308, ["DummyAnims"] = {}, ["PlayerCFrame"] = CFrame.new(145.36859131, 440.75439453, 32.50824356, 0.56349534, 8e-08, -0.82611924, -4e-08, 1, 7e-08, 0.82611924, -0.0, 0.56349534)}, {["PlayerAnims"] = {{["Id"] = "rbxassetid://14516273501", ["Name"] = "Animation1", ["Time"] = 1.31666696}, {["Id"] = "rbxassetid://10469493270", ["Name"] = "Animation", ["Time"] = 0.08500001}}, ["DummyCFrame"] = CFrame.new(149.55697632, 440.75671387, 29.74264145, 0.92388153, 0, 0.38267857, 0, 1, 0, -0.38267857, 0, 0.92388153), ["Time"] = 0.55734539, ["DummyAnims"] = {}, ["PlayerCFrame"] = CFrame.new(145.36859131, 440.75439453, 32.50824356, 0.56276667, 7e-08, -0.82661581, -4e-08, 1, 6e-08, 0.82661581, -0.0, 0.56276667)}, {["PlayerAnims"] = {{["Id"] = "rbxassetid://14516273501", ["Name"] = "Animation1", ["Time"] = 1.32500029}, {["Id"] = "rbxassetid://10469493270", ["Name"] = "Animation", ["Time"] = 0.09500001}}, ["DummyCFrame"] = CFrame.new(149.55697632, 440.75671387, 29.74264145, 0.92388153, 0, 0.38267857, 0, 1, 0, -0.38267857, 0, 0.92388153), ["Time"] = 0.56332445, ["DummyAnims"] = {}, ["PlayerCFrame"] = CFrame.new(145.36859131, 440.75439453, 32.50824356, 0.56130898, 5e-08, -0.82760632, -3e-08, 1, 5e-08, 0.82760632, -0.0, 0.56130898)}, {["PlayerAnims"] = {{["Id"] = "rbxassetid://14516273501", ["Name"] = "Animation1", ["Time"] = 1.32916701}, {["Id"] = "rbxassetid://10469493270", ["Name"] = "Animation", ["Time"] = 0.10000001}}, ["DummyCFrame"] = CFrame.new(149.55697632, 440.75671387, 29.74264145, 0.92388153, 0, 0.38267857, 0, 1, 0, -0.38267857, 0, 0.92388153), ["Time"] = 0.57009077, ["DummyAnims"] = {}, ["PlayerCFrame"] = CFrame.new(145.36859131, 440.75439453, 32.50824356, 0.56130898, 5e-08, -0.82760632, -2e-08, 1, 4e-08, 0.82760632, -0.0, 0.56130898)}, {["PlayerAnims"] = {{["Id"] = "rbxassetid://14516273501", ["Name"] = "Animation1", ["Time"] = 1.33750033}, {["Id"] = "rbxassetid://10469493270", ["Name"] = "Animation", ["Time"] = 0.11000001}}, ["DummyCFrame"] = CFrame.new(149.55697632, 440.75671387, 29.74264145, 0.92388153, 0, 0.38267857, 0, 1, 0, -0.38267857, 0, 0.92388153), ["Time"] = 0.57535458, ["DummyAnims"] = {}, ["PlayerCFrame"] = CFrame.new(145.36859131, 440.75439453, 32.50824356, 0.56057936, 3e-08, -0.82810068, -2e-08, 1, 2e-08, 0.82810068, -0.0, 0.56057936)}, {["PlayerAnims"] = {{["Id"] = "rbxassetid://14516273501", ["Name"] = "Animation1", ["Time"] = 1.34166706}, {["Id"] = "rbxassetid://10469493270", ["Name"] = "Animation", ["Time"] = 0.11500001}}, ["DummyCFrame"] = CFrame.new(149.55697632, 440.75671387, 29.74264145, 0.92388153, 0, 0.38267857, 0, 1, 0, -0.38267857, 0, 0.92388153), ["Time"] =