return {["StartTime"] = 1759537608.8837988, ["Frames"] = {{["PlayerAnims"] = {{["Id"] = "rbxassetid://7807831448", ["Name"] = "WalkAnim", ["Time"] = 0.22051586}, {["Id"] = "rbxassetid://14516273501", ["Name"] = "Animation1", ["Time"] = 0.17500006}}, ["DummyCFrame"] = CFrame.new(180.91682434, 440.75671387, -27.68010902, -0.86322236, 0, 0.5048238, 0, 1, 0, -0.5048238, 0, -0.86322236), ["Time"] = 0.00837159, ["DummyAnims"] = {}, ["PlayerCFrame"] = CFrame.new(188.22253418, 440.75241089, -22.19738007, 0.48093411, 9e-08, 0.87675673, -1e-08, 1, -9e-08, -0.87675673, 4e-08, 0.48093411)}, {["PlayerAnims"] = {{["Id"] = "rbxassetid://7807831448", ["Name"] = "WalkAnim", ["Time"] = 0.2245995}, {["Id"] = "rbxassetid://14516273501", ["Name"] = "Animation1", ["Time"] = 0.17916672}}, ["DummyCFrame"] = CFrame.new(180.91682434, 440.75671387, -27.68010902, -0.86322236, 0, 0.5048238, 0, 1, 0, -0.5048238, 0, -0.86322236), ["Time"] = 0.01178765, ["DummyAnims"] = {}, ["PlayerCFrame"] = CFrame.new(188.22253418, 440.75247192, -22.19738007, 0.48093411, 9e-08, 0.87675673, -1e-08, 1, -1e-07, -0.87675673, 4e-08, 0.48093411)}, {["PlayerAnims"] = {{["Id"] = "rbxassetid://7807831448", ["Name"] = "WalkAnim", ["Time"] = 0.22868313}, {["Id"] = "rbxassetid://14516273501", ["Name"] = "Animation1", ["Time"] = 0.18333338}}, ["DummyCFrame"] = CFrame.new(180.91682434, 440.75671387, -27.68010902, -0.86322236, 0, 0.5048238, 0, 1, 0, -0.5048238, 0, -0.86322236), ["Time"] = 0.01582646, ["DummyAnims"] = {}, ["PlayerCFrame"] = CFrame.new(188.22253418, 440.75250244, -22.19738007, 0.48093411, 1e-07, 0.87675673, -1e-08, 1, -1e-07, -0.87675673, 4e-08, 0.48093411)}, {["PlayerAnims"] = {{["Id"] = "rbxassetid://7807831448", ["Name"] = "WalkAnim", ["Time"] = 0.23276676}, {["Id"] = "rbxassetid://14516273501", ["Name"] = "Animation1", ["Time"] = 0.18750004}}, ["DummyCFrame"] = CFrame.new(180.91682434, 440.75671387, -27.68010902, -0.86322236, 0, 0.5048238, 0, 1, 0, -0.5048238, 0, -0.86322236), ["Time"] = 0.02136254, ["DummyAnims"] = {}, ["PlayerCFrame"] = CFrame.new(188.22253418, 440.75253296, -22.19738007, 0.48093411, 1e-07, 0.87675673, -1e-08, 1, -1.1e-07, -0.87675673, 4e-08, 0.48093411)}, {["PlayerAnims"] = {{["Id"] = "rbxassetid://7807831448", ["Name"] = "WalkAnim", ["Time"] = 0.2368504}, {["Id"] = "rbxassetid://14516273501", ["Name"] = "Animation1", ["Time"] = 0.19166671}}, ["DummyCFrame"] = CFrame.new(180.91682434, 440.75671387, -27.68010902, -0.86322236, 0, 0.5048238, 0, 1, 0, -0.5048238, 0, -0.86322236), ["Time"] = 0.02499747, ["DummyAnims"] = {}, ["PlayerCFrame"] = CFrame.new(188.22253418, 440.75256348, -22.19738007, 0.48093411, 1.1e-07, 0.87675673, -1e-08, 1, -1.1e-07, -0.87675673, 4e-08, 0.48093411)}, {["PlayerAnims"] = {{["Id"] = "rbxassetid://7807831448", ["Name"] = "WalkAnim", ["Time"] = 0.24093403}, {["Id"] = "rbxassetid://14516273501", ["Name"] = "Animation1", ["Time"] = 0.19583337}}, ["DummyCFrame"] = CFrame.new(180.91682434, 440.75671387, -27.68010902, -0.86322236, 0, 0.5048238, 0, 1, 0, -0.5048238, 0, -0.86322236), ["Time"] = 0.02931094, ["DummyAnims"] = {}, ["PlayerCFrame"] = CFrame.new(188.22253418, 440.75259399, -22.19738007, 0.48093411, 1.1e-07, 0.87675673, -1e-08, 1, -1.2e-07, -0.87675673, 4e-08, 0.48093411)}, {["PlayerAnims"] = {{["Id"] = "rbxassetid://7807831448", ["Name"] = "WalkAnim", ["Time"] = 0.24501766}, {["Id"] = "rbxassetid://14516273501", ["Name"] = "Animation1", ["Time"] = 0.20000003}}, ["DummyCFrame"] = CFrame.new(180.91682434, 440.75671387, -27.68010902, -0.86322236, 0, 0.5048238, 0, 1, 0, -0.5048238, 0, -0.86322236), ["Time"] = 0.03324819, ["DummyAnims"] = {}, ["PlayerCFrame"] = CFrame.new(188.22253418, 440.75262451, -22.19738007, 0.48093411, 1.2e-07, 0.87675673, -2e-08, 1, -1.3e-07, -0.87675673, 5e-08, 0.48093411)}, {["PlayerAnims"] = {{["Id"] = "rbxassetid://7807831448", ["Name"] = "WalkAnim", ["Time"] = 0.2491013}, {["Id"] = "rbxassetid://14516273501", ["Name"] = "Animation1", ["Time"] = 0.2041667}}, ["DummyCFrame"] = CFrame.new(180.91682434, 440.75671387, -27.68010902, -0.86322236, 0, 0.5048238, 0, 1, 0, -0.5048238, 0, -0.86322236), ["Time"] = 0.03687191, ["DummyAnims"] = {}, ["PlayerCFrame"] = CFrame.new(188.22253418, 440.75265503, -22.19738007, 0.48093411, 1.1e-07, 0.87675673, -1e-08, 1, -1.1e-07, -0.87675673, 4e-08, 0.48093411)}, {["PlayerAnims"] = {{["Id"] = "rbxassetid://7807831448", ["Name"] = "WalkAnim", ["Time"] = 0.25726855}, {["Id"] = "rbxassetid://14516273501", ["Name"] = "Animation1", ["Time"] = 0.21250004}}, ["DummyCFrame"] = CFrame.new(180.91682434, 440.75671387, -27.68010902, -0.86322236, 0, 0.5048238, 0, 1, 0, -0.5048238, 0, -0.86322236), ["Time"] = 0.0430882, ["DummyAnims"] = {}, ["PlayerCFrame"] = CFrame.new(188.22253418, 440.75265503, -22.19738007, 0.48093411, 8e-08, 0.87675673, -1e-08, 1, -9e-08, -0.87675673, 3e-08, 0.48093411)}, {["PlayerAnims"] = {{["Id"] = "rbxassetid://7807831448", ["Name"] = "WalkAnim", ["Time"] = 0.25726855}, {["Id"] = "rbxassetid://14516273501", ["Name"] = "Animation1", ["Time"] = 0.21250004}}, ["DummyCFrame"] = CFrame.new(180.91682434, 440.75671387, -27.68010902, -0.86322236, 0, 0.5048238, 0, 1, 0, -0.5048238, 0, -0.86322236), ["Time"] = 0.04615498, ["DummyAnims"] = {}, ["PlayerCFrame"] = CFrame.new(188.22253418, 440.75265503, -22.19738007, 0.48093411, 8e-08, 0.87675673, -1e-08, 1, -9e-08, -0.87675673, 3e-08, 0.48093411)}, {["PlayerAnims"] = {{["Id"] = "rbxassetid://7807831448", ["Name"] = "WalkAnim", ["Time"] = 0.26135218}, {["Id"] = "rbxassetid://14516273501", ["Name"] = "Animation1", ["Time"] = 0.2166667}}, ["DummyCFrame"] = CFrame.new(180.91682434, 440.75671387, -27.68010902, -0.86322236, 0, 0.5048238, 0, 1, 0, -0.5048238, 0, -0.86322236), ["Time"] = 0.05011272, ["DummyAnims"] = {}, ["PlayerCFrame"] = CFrame.new(188.22253418, 440.75265503, -22.19738007, 0.48093411, 7e-08, 0.87675673, -1e-08, 1, -8e-08, -0.87675673, 3e-08, 0.48093411)}, {["PlayerAnims"] = {{["Id"] = "rbxassetid://7807831448", ["Name"] = "WalkAnim", ["Time"] = 0.26543581}, {["Id"] = "rbxassetid://14516273501", ["Name"] = "Animation1", ["Time"] = 0.22083336}}, ["DummyCFrame"] = CFrame.new(180.91682434, 440.75671387, -27.68010902, -0.86322236, 0, 0.5048238, 0, 1, 0, -0.5048238, 0, -0.86322236), ["Time"] = 0.05364799, ["DummyAnims"] = {}, ["PlayerCFrame"] = CFrame.new(188.22253418, 440.75265503, -22.19738007, 0.48093411, 6e-08, 0.87675673, -1e-08, 1, -6e-08, -0.87675673, 2e-08, 0.48093411)}, {["PlayerAnims"] = {{["Id"] = "rbxassetid://7807831448", ["Name"] = "WalkAnim", ["Time"] = 0.26951945}, {["Id"] = "rbxassetid://14516273501", ["Name"] = "Animation1", ["Time"] = 0.22500002}}, ["DummyCFrame"] = CFrame.new(180.91682434, 440.75671387, -27.68010902, -0.86322236, 0, 0.5048238, 0, 1, 0, -0.5048238, 0, -0.86322236), ["Time"] = 0.05768824, ["DummyAnims"] = {}, ["PlayerCFrame"] = CFrame.new(188.22253418, 440.75265503, -22.19738007, 0.48093411, 5e-08, 0.87675673, -1e-08, 1, -5e-08, -0.87675673, 2e-08, 0.48093411)}, {["PlayerAnims"] = {{["Id"] = "rbxassetid://7807831448", ["Name"] = "WalkAnim", ["Time"] = 0.27360308}, {["Id"] = "rbxassetid://14516273501", ["Name"] = "Animation1", ["Time"] = 0.22916669}}, ["DummyCFrame"] = CFrame.new(180.91682434, 440.75671387, -27.68010902, -0.86322236, 0, 0.5048238, 0, 1, 0, -0.5048238, 0, -0.86322236), ["Time"] = 0.06283712, ["DummyAnims"] = {}, ["PlayerCFrame"] = CFrame.new(188.22253418, 440.75265503, -22.19738007, 0.48093411, 4e-08, 0.87675673, -1e-08, 1, -4e-08, -0.87675673, 1e-08, 0.48093411)}, {["PlayerAnims"] = {{["Id"] = "rbxassetid://7807831448", ["Name"] = "WalkAnim", ["Time"] = 0.28177035}, {["Id"] = "rbxassetid://14516273501", ["Name"] = "Animation1", ["Time"] = 0.23750003}}, ["DummyCFrame"] = CFrame.new(180.91682434, 440.75671387, -27.68010902, -0.86322236, 0, 0.5048238, 0, 1, 0, -0.5048238, 0, -0.86322236), ["Time"] = 0.06866574, ["DummyAnims"] = {}, ["PlayerCFrame"] = CFrame.new(188.22253418, 440.75265503, -22.19738007, 0.48093411, 2e-08, 0.87675673, -1e-08, 1, -2e-08, -0.87675673, 0.0, 0.48093411)}, {["PlayerAnims"] = {{["Id"] = "rbxassetid://7807831448", ["Name"] = "WalkAnim", ["Time"] = 0.28993762}, {["Id"] = "rbxassetid://14516273501", ["Name"] = "Animation1", ["Time"] = 0.24583337}}, ["DummyCFrame"] = CFrame.new(180.91682434, 440.75671387, -27.68010902, -0.86322236, 0, 0.5048238, 0, 1, 0, -0.5048238, 0, -0.86322236), ["Time"] = 0.07827592, ["DummyAnims"] = {}, ["PlayerCFrame"] = CFrame.new(188.22253418, 440.75265503, -22.19738007, 0.48170683, -1e-08, 0.87633246, -0.0, 1, 1e-08, -0.87633246, -1e-08, 0.48170683)}, {["PlayerAnims"] = {{["Id"] = "rbxassetid://7807831448", ["Name"] = "WalkAnim", ["Time"] = 0.29402125}, {["Id"] = "rbxassetid://14516273501", ["Name"] = "Animation1", ["Time"] = 0.25000003}}, ["DummyCFrame"] = CFrame.new(180.91682434, 440.75671387, -27.68010902, -0.86322236, 0, 0.5048238, 0, 1, 0, -0.5048238, 0, -0.86322236), ["Time"] = 0.08381152, ["DummyAnims"] = {}, ["PlayerCFrame"] = CFrame.new(188.22253418, 440.75265503, -22.19738007, 0.48247883, -2e-08, 0.8759076, -0.0, 1, 2e-08, -0.8759076, -1e-08, 0.48247883)}, {["PlayerAnims"] = {{["Id"] = "rbxassetid://7807831448", ["Name"] = "WalkAnim", ["Time"] = 0.29810488}, {["Id"] = "rbxassetid://14516273501", ["Name"] = "Animation1", ["Time"] = 0.25416669}}, ["DummyCFrame"] = CFrame.new(180.91682434, 440.75671387, -27.68010902, -0.86322236, 0, 0.5048238, 0, 1, 0, -0.5048238, 0, -0.86322236), ["Time"] = 0.08822918, ["DummyAnims"] = {}, ["PlayerCFrame"] = CFrame.new(188.22253418, 440.75265503, -22.19738007, 0.48247883, -3e-08, 0.8759076, -0.0, 1, 3e-08, -0.8759076, -2e-08, 0.48247883)}, {["PlayerAnims"] = {{["Id"] = "rbxassetid://14516273501", ["Name"] = "Animation1", ["Time"] = 0.26250002}}, ["DummyCFrame"] = CFrame.new(180.91682434, 440.75671387, -27.68010902, -0.86322236, 0, 0.5048238, 0, 1, 0, -0.5048238, 0, -0.86322236), ["Time"] = 0.09427476, ["DummyAnims"] = {}, ["PlayerCFrame"] = CFrame.new(188.22253418, 440.75289917, -22.19738007, 0.48556396, -5e-08, 0.87420112, 0.0, 1, 6e-08, -0.87420112, -3e-08, 0.48556396)}, {["PlayerAnims"] = {{["Id"] = "rbxassetid://14516273501", ["Name"] = "Animation1", ["Time"] = 0.26666668}}, ["DummyCFrame"] = CFrame.new(180.91682434, 440.75671387, -27.68010902, -0.86322236, 0, 0.5048238, 0, 1, 0, -0.5048238, 0, -0.86322236), ["Time"] = 0.09880185, ["DummyAnims"] = {}, ["PlayerCFrame"] = CFrame.new(188.22253418, 440.75305176, -22.19738007, 0.48787385, -6e-08, 0.87291414, 0.0, 1, 7e-08, -0.87291414, -3e-08, 0.48787385)}, {["PlayerAnims"] = {{["Id"] = "rbxassetid://14516273501", ["Name"] = "Animation1", ["Time"] = 0.27083334}}, ["DummyCFrame"] = CFrame.new(180.91682434, 440.75671387, -27.68010902, -0.86322236, 0, 0.5048238, 0, 1, 0, -0.5048238, 0, -0.86322236), ["Time"] = 0.10327888, ["DummyAnims"] = {}, ["PlayerCFrame"] = CFrame.new(188.22253418, 440.75320435, -22.19738007, 0.48787385, -7e-08, 0.87291414, 0.0, 1, 8e-08, -0.87291414, -4e-08, 0.48787385)}, {["PlayerAnims"] = {{["Id"] = "rbxassetid://14516273501", ["Name"] = "Animation1", ["Time"] = 0.27500001}}, ["DummyCFrame"] = CFrame.new(180.91682434, 440.75671387, -27.68010902, -0.86322236, 0, 0.5048238, 0, 1, 0, -0.5048238, 0, -0.86322236), ["Time"] = 0.10828662, ["DummyAnims"] = {}, ["PlayerCFrame"] = CFrame.new(188.22253418, 440.75335693, -22.19738007, 0.48787385, -8e-08, 0.87291414, 0.0, 1, 9e-08, -0.87291414, -4e-08, 0.48787385)}, {["PlayerAnims"] = {{["Id"] = "rbxassetid://14516273501", ["Name"] = "Animation1", ["Time"] = 0.27916667}}, ["DummyCFrame"] = CFrame.new(180.91682434, 440.75671387, -27.68010902, -0.86322236, 0, 0.5048238, 0, 1, 0, -0.5048238, 0, -0.86322236), ["Time"] = 0.11419606, ["DummyAnims"] = {}, ["PlayerCFrame"] = CFrame.new(188.22253418, 440.75350952, -22.19738007, 0.4886432, -9e-08, 0.87248373, 1e-08, 1, 1e-07, -0.87248373, -5e-08, 0.4886432)}, {["PlayerAnims"] = {{["Id"] = "rbxassetid://14516273501", ["Name"] = "Animation1", ["Time"] = 0.28749999}}, ["DummyCFrame"] = CFrame.new(180.91682434, 440.75671387, -27.68010902, -0.86322236, 0, 0.5048238, 0, 1, 0, -0.5048238, 0, -0.86322236), ["Time"] = 0.12038159, ["DummyAnims"] = {}, ["PlayerCFrame"] = CFrame.new(188.22253418, 440.75375366, -22.19738007, 0.49018031, -8e-08, 0.87162107, 1e-08, 1, 9e-08, -0.87162107, -4e-08, 0.49018031)}, {["PlayerAnims"] = {{["Id"] = "rbxassetid://14516273501", ["Name"] = "Animation1", ["Time"] = 0.29166666}}, ["DummyCFrame"] = CFrame.new(180.91682434, 440.75671387, -27.68010902, -0.86322236, 0, 0.5048238, 0, 1, 0, -0.5048238, 0, -0.86322236), ["Time"] = 0.12584829, ["DummyAnims"] = {}, ["PlayerCFrame"] = CFrame.new(188.22253418, 440.75384521, -22.19738007, 0.49248317, -8e-08, 0.87032199, 1e-08, 1, 9e-08, -0.87032199, -4e-08, 0.49248317)}, {["PlayerAnims"] = {{["Id"] = "rbxassetid://14516273501", ["Name"] = "Animation1", ["Time"] = 0.29583332}}, ["DummyCFrame"] = CFrame.new(180.91682434, 440.75671387, -27.68010902, -0.86322236, 0, 0.5048238, 0, 1, 0, -0.5048238, 0, -0.86322236), ["Time"] = 0.13074875, ["DummyAnims"] = {}, ["PlayerCFrame"] = CFrame.new(188.22253418, 440.75393677, -22.19738007, 0.4932501, -7e-08, 0.86988753, 1e-08, 1, 8e-08, -0.86988753, -4e-08, 0.4932501)}, {["PlayerAnims"] = {{["Id"] = "rbxassetid://14516273501", ["Name"] = "Animation1", ["Time"] = 0.29999998}}, ["DummyCFrame"] = CFrame.new(180.91682434, 440.75671387, -27.68010902, -0.86322236, 0, 0.5048238, 0, 1, 0, -0.5048238, 0, -0.86322236), ["Time"] = 0.13530922, ["DummyAnims"] = {}, ["PlayerCFrame"] = CFrame.new(188.22253418, 440.7539978, -22.19738007, 0.49478292, -7e-08, 0.86901659, 1e-08, 1, 8e-08, -0.86901659, -3e-08, 0.49478292)}, {["PlayerAnims"] = {{["Id"] = "rbxassetid://14516273501", ["Name"] = "Animation1", ["Time"] = 0.30416664}}, ["DummyCFrame"] = CFrame.new(180.91682434, 440.75671387, -27.68010902, -0.86322236, 0, 0.5048238, 0, 1, 0, -0.5048238, 0, -0.86322236), ["Time"] = 0.13897252, ["DummyAnims"] = {}, ["PlayerCFrame"] = CFrame.new(188.22253418, 440.75405884, -22.19738007, 0.49478292, -6e-08, 0.86901659, 1e-08, 1, 7e-08, -0.86901659, -3e-08, 0.49478292)}, {["PlayerAnims"] = {{["Id"] = "rbxassetid://14516273501", ["Name"] = "Animation1", ["Time"] = 0.30833331}}, ["DummyCFrame"] = CFrame.new(180.91682434, 440.75671387, -27.68010902, -0.86322236, 0, 0.5048238, 0, 1, 0, -0.5048238, 0, -0.86322236), ["Time"] = 0.14313221, ["DummyAnims"] = {}, ["PlayerCFrame"] = CFrame.new(188.22253418, 440.75411987, -22.19738007, 0.49554873, -6e-08, 0.86858016, 1e-08, 1, 6e-08, -0.86858016, -3e-08, 0.49554873)}, {["PlayerAnims"] = {{["Id"] = "rbxassetid://14516273501", ["Name"] = "Animation1", ["Time"] = 0.31249997}}, ["DummyCFrame"] = CFrame.new(180.91682434, 440.75671387, -27.68010902, -0.86322236, 0, 0.5048238, 0, 1, 0, -0.5048238, 0, -0.86322236), ["Time"] = 0.14753222, ["DummyAnims"] = {}, ["PlayerCFrame"] = CFrame.new(188.22253418, 440.75418091, -22.19738007, 0.49631423, -5e-08, 0.86814296, 1e-08, 1, 6e-08, -0.86814296, -2e-08, 0.49631423)}, {["PlayerAnims"] = {{["Id"] = "rbxassetid://14516273501", ["Name"] = "Animation1", ["Time"] = 0.31666663}}, ["DummyCFrame"] = CFrame.new(180.91682434, 440.75671387, -27.68010902, -0.86322236, 0, 0.5048238, 0, 1, 0, -0.5048238, 0, -0.86322236), ["Time"] = 0.1517899, ["DummyAnims"] = {}, ["PlayerCFrame"] = CFrame.new(188.22253418, 440.75421143, -22.19738007, 0.49631432, -5e-08, 0.8681429, 1e-08, 1, 5e-08, -0.8681429, -2e-08, 0.49631432)}, {["PlayerAnims"] = {{["Id"] = "rbxassetid://14516273501", ["Name"] = "Animation1", ["Time"] = 0.32499996}}, ["DummyCFrame"] = CFrame.new(180.91682434, 440.75671387, -27.68010902, -0.86322236, 0, 0.5048238, 0, 1, 0, -0.5048238, 0, -0.86322236), ["Time"] = 0.15764141, ["DummyAnims"] = {}, ["PlayerCFrame"] = CFrame.new(188.22253418, 440.75427246, -22.19738007, 0.49784386, -4e-08, 0.86726665, 1e-08, 1, 4e-08, -0.86726665, -2e-08, 0.49784386)}, {["PlayerAnims"] = {{["Id"] = "rbxassetid://14516273501", ["Name"] = "Animation1", ["Time"] = 0.32916662}}, ["DummyCFrame"] = CFrame.new(180.91682434, 440.75671387, -27.68010902, -0.86322236, 0, 0.5048238, 0, 1, 0, -0.5048238, 0, -0.86322236), ["Time"] = 0.16423512, ["DummyAnims"] = {}, ["PlayerCFrame"] = CFrame.new(188.22253418, 440.75430298, -22.19738007, 0.50013518, -3e-08, 0.86594731, 1e-08, 1, 4e-08, -0.86594731, -1e-08, 0.50013518)}, {["PlayerAnims"] = {{["Id"] = "rbxassetid://14516273501", ["Name"] = "Animation1", ["Time"] = 0.33749995}}, ["DummyCFrame"] = CFrame.new(180.91682434, 440.75671387, -27.68010902, -0.86322236, 0, 0.5048238, 0, 1, 0, -0.5048238, 0, -0.86322236), ["Time"] = 0.17094207, ["DummyAnims"] = {}, ["PlayerCFrame"] = CFrame.new(188.22253418, 440.75436401, -22.19738007, 0.5008983, -2e-08, 0.86550617, 1e-08, 1, 3e-08, -0.86550617, -1e-08, 0.5008983)}, {["PlayerAnims"] = {{["Id"] = "rbxassetid://14516273501", ["Name"] = "Animation1", ["Time"] = 0.34166661}}, ["DummyCFrame"] = CFrame.new(180.91682434, 440.75671387, -27.68010902, -0.86322236, 0, 0.5048238, 0, 1, 0, -0.5048238, 0, -0.86322236), ["Time"] = 0.1759429, ["DummyAnims"] = {}, ["PlayerCFrame"] = CFrame.new(188.22253418, 440.75439453, -22.19738007, 0.50242317, -2e-08, 0.86462188, 1e-08, 1, 2e-08, -0.86462188, -0.0, 0.50242317)}, {["PlayerAnims"] = {{["Id"] = "rbxassetid://14516273501", ["Name"] = "Animation1", ["Time"] = 0.34583327}}, ["DummyCFrame"] = CFrame.new(180.91682434, 440.75671387, -27.68010902, -0.86322236, 0, 0.5048238, 0, 1, 0, -0.5048238, 0, -0.86322236), ["Time"] = 0.17988515, ["DummyAnims"] = {}, ["PlayerCFrame"] = CFrame.new(188.22253418, 440.75439453, -22.19738007, 0.50242305, -1e-08, 0.86462194, 1e-08, 1, 1e-08, -0.86462194, -0.0, 0.50242305)}, {["PlayerAnims"] = {{["Id"] = "rbxassetid://14516273501", ["Name"] = "Animation1", ["Time"] = 0.34999993}}, ["DummyCFrame"] = CFrame.new(180.91682434, 440.75671387, -27.68010902, -0.86322236, 0, 0.5048238, 0, 1, 0, -0.5048238, 0, -0.86322236), ["Time"] = 0.1839819, ["DummyAnims"] = {}, ["PlayerCFrame"] = CFrame.new(188.22253418, 440.75439453, -22.19738007, 0.5047074, -1e-08, 0.86329049, 1e-08, 1, 1e-08, -0.86329049, 0.0, 0.5047074)}, {["PlayerAnims"] = {{["Id"] = "rbxassetid://14516273501", ["Name"] = "Animation1", ["Time"] = 0.3541666}}, ["DummyCFrame"] = CFrame.new(180.91682434, 440.75671387, -27.68010902, -0.86322236, 0, 0.5048238, 0, 1, 0, -0.5048238, 0, -0.86322236), ["Time"] = 0.18892002, ["DummyAnims"] = {}, ["PlayerCFrame"] = CFrame.new(188.22253418, 440.75439453, -22.19738007, 0.50622827, -0.0, 0.86239952, 1e-08, 1, 0.0, -0.86239952, 0.0, 0.50622827)}, {["PlayerAnims"] = {{["Id"] = "rbxassetid://14516273501", ["Name"] = "Animation1", ["Time"] = 0.35833326}}, ["DummyCFrame"] = CFrame.new(180.91682434, 440.75671387, -27.68010902, -0.86322236, 0, 0.5048238, 0, 1, 0, -0.5048238, 0, -0.86322236), ["Time"] = 0.19303083, ["DummyAnims"] = {}, ["PlayerCFrame"] = CFrame.new(188.22253418, 440.75439453, -22.19738007, 0.50774771, -0.0, 0.86150581, 1e-08, 1, -0.0, -0.86150581, 1e-08, 0.50774771)}, {["PlayerAnims"] = {{["Id"] = "rbxassetid://14516273501", ["Name"] = "Animation1", ["Time"] = 0.36249992}}, ["DummyCFrame"] = CFrame.new(180.91682434, 440.75671387, -27.68010902, -0.86322236, 0, 0.5048238, 0, 1, 0, -0.5048238, 0, -0.86322236), ["Time"] = 0.19616508, ["DummyAnims"] = {}, ["PlayerCFrame"] = CFrame.new(188.22253418, 440.75439453, -22.19738007, 0.50774771, 0.0, 0.86150581, 1e-08, 1, -1e-08, -0.86150581, 1e-08, 0.50774771)}, {["PlayerAnims"] = {{["Id"] = "rbxassetid://14516273501", ["Name"] = "Animation1", ["Time"] = 0.36666659}}, ["DummyCFrame"] = CFrame.new(180.91682434, 440.75671387, -27.68010902, -0.86322236, 0, 0.5048238, 0, 1, 0, -0.5048238, 0, -0.86322236), ["Time"] = 0.20057607, ["DummyAnims"] = {}, ["PlayerCFrame"] = CFrame.new(188.22253418, 440.75439453, -22.19738007, 0.50774771, 1e-08, 0.86150581, 1e-08, 1, -1e-08, -0.86150581, 1e-08, 0.50774771)}, {["PlayerAnims"] = {{["Id"] = "rbxassetid://14516273501", ["Name"] = "Animation1", ["Time"] = 0.37083325}}, ["DummyCFrame"] = CFrame.new(180.91682434, 440.75671387, -27.68010902, -0.86322236, 0, 0.5048238, 0, 1, 0, -0.5048238, 0, -0.86322236), ["Time"] = 0.20448923, ["DummyAnims"] = {}, ["PlayerCFrame"] = CFrame.new(188.22253418, 440.75439453, -22.19738007, 0.5085066, 1e-08, 0.86105812, 1e-08, 1, -2e-08, -0.86105812, 1e-08, 0.5085066)}, {["PlayerAnims"] = {{["Id"] = "rbxassetid://14516273501", ["Name"] = "Animation1", ["Time"] = 0.37499991}}, ["DummyCFrame"] = CFrame.new(180.91682434, 440.75671387, -27.68010902, -0.86322236, 0, 0.5048238, 0, 1, 0, -0.5048238, 0, -0.86322236), ["Time"] = 0.20890689, ["DummyAnims"] = {}, ["PlayerCFrame"] = CFrame.new(188.22253418, 440.75439453, -22.19738007, 0.50926554, 2e-08, 0.86060941, 1e-08, 1, -3e-08, -0.86060941, 2e-08, 0.50926554)}, {["PlayerAnims"] = {{["Id"] = "rbxassetid://14516273501", ["Name"] = "Animation1", ["Time"] = 0.37916657}}, ["DummyCFrame"] = CFrame.new(180.91682434, 440.75671387, -27.68010902, -0.86322236, 0, 0.5048238, 0, 1, 0, -0.5048238, 0, -0.86322236), ["Time"] = 0.2137723, ["DummyAnims"] = {}, ["PlayerCFrame"] = CFrame.new(188.22253418, 440.75439453, -22.19738007, 0.50926554, 2e-08, 0.86060941, 1e-08, 1, -3e-08, -0.86060941, 2e-08, 0.50926554)}, {["PlayerAnims"] = {{["Id"] = "rbxassetid://14516273501", ["Name"] = "Animation1", ["Time"] = 0.38333324}}, ["DummyCFrame"] = CFrame.new(180.91682434, 440.75671387, -27.68010902, -0.86322236, 0, 0.5048238, 0, 1, 0, -0.5048238, 0, -0.86322236), ["Time"] = 0.21813154, ["DummyAnims"] = {}, ["PlayerCFrame"] = CFrame.new(188.22253418, 440.75439453, -22.19738007, 0.51002371, 3e-08, 0.86016035, 1e-08, 1, -4e-08, -0.86016035, 2e-08, 0.51002371)}, {["PlayerAnims"] = {{["Id"] = "rbxassetid://14516273501", ["Name"] = "Animation1", ["Time"] = 0.3874999}}, ["DummyCFrame"] = CFrame.new(180.91682434, 440.75671387, -27.68010902, -0.86322236, 0, 0.5048238, 0, 1, 0, -0.5048238, 0, -0.86322236), ["Time"] = 0.22167373, ["DummyAnims"] = {}, ["PlayerCFrame"] = CFrame.new(188.22253418, 440.75439453, -22.19738007, 0.51002371, 3e-08, 0.86016035, 0.0, 1, -4e-08, -0.86016035, 3e-08, 0.51002371)}, {["PlayerAnims"] = {{["Id"] = "rbxassetid://14516273501", ["Name"] = "Animation1", ["Time"] = 0.39166656}}, ["DummyCFrame"] = CFrame.new(180.91682434, 440.75671387, -27.68010902, -0.86322236, 0, 0.5048238, 0, 1, 0, -0.5048238, 0, -0.86322236), ["Time"] = 0.22572756, ["DummyAnims"] = {}, ["PlayerCFrame"] = CFrame.new(188.22253418, 440.75439453, -22.19738007, 0.51002383, 4e-08, 0.86016029, 0.0, 1, -5e-08, -0.86016029, 3e-08, 0.51002383)}, {["PlayerAnims"] = {{["Id"] = "rbxassetid://14516273501", ["Name"] = "Animation1", ["Time"] = 0.39583322}}, ["DummyCFrame"] = CFrame.new(180.91682434, 440.75671387, -27.68010902, -0.86322236, 0, 0.5048238, 0, 1, 0, -0.5048238, 0, -0.86322236), ["Time"] = 0.23031235, ["DummyAnims"] = {}, ["PlayerCFrame"] = CFrame.new(188.22253418, 440.75439453, -22.19738007, 0.51002371, 4e-08, 0.86016035, 0.0, 1, -5e-08, -0.86016035, 3e-08, 0.51002371)}, {["PlayerAnims"] = {{["Id"] = "rbxassetid://14516273501", ["Name"] = "Animation1", ["Time"] = 0.39999989}}, ["DummyCFrame"] = CFrame.new(180.91682434, 440.75671387, -27.68010902, -0.86322236, 0, 0.5048238, 0, 1, 0, -0.5048238, 0, -0.86322236), ["Time"] = 0.23370004, ["DummyAnims"] = {}, ["PlayerCFrame"] = CFrame.new(188.22253418, 440.75439453, -22.19738007, 0.51002383, 5e-08, 0.86016029, 0.0, 1, -6e-08, -0.86016029, 3e-08, 0.51002383)}, {["PlayerAnims"] = {{["Id"] = "rbxassetid://14516273501", ["Name"] = "Animation1", ["Time"] = 0.40416655}}, ["DummyCFrame"] = CFrame.new(180.91682434, 440.75671387, -27.68010902, -0.86322236, 0, 0.5048238, 0, 1, 0, -0.5048238, 0, -0.86322236), ["Time"] = 0.23749471, ["DummyAnims"] = {}, ["PlayerCFrame"] = CFrame.new(188.22253418, 440.75439453, -22.19738007, 0.51002371, 5e-08, 0.86016035, 0.0, 1, -7e-08, -0.86016035, 4e-08, 0.51002371)}, {["PlayerAnims"] = {{["Id"] = "rbxassetid://14516273501", ["Name"] = "Animation1", ["Time"] = 0.40833321}}, ["DummyCFrame"] = CFrame.new(180.91682434, 440.75671387, -27.68010902, -0.86322236, 0, 0.5048238, 0, 1, 0, -0.5048238, 0, -0.86322236), ["Time"] = 0.24181914, ["DummyAnims"] = {}, ["PlayerCFrame"] = CFrame.new(188.22253418, 440.75439453, -22.19738007, 0.51002383, 6e-08, 0.86016029, 0.0, 1, -7e-08, -0.86016029, 4e-08, 0.51002383)}, {["PlayerAnims"] = {{["Id"] = "rbxassetid://14516273501", ["Name"] = "Animation1", ["Time"] = 0.41249987}}, ["DummyCFrame"] = CFrame.new(180.91682434, 440.75671387, -27.68010902, -0.86322236, 0, 0.5048238, 0, 1, 0, -0.5048238, 0, -0.86322236), ["Time"] = 0.24535513, ["DummyAnims"] = {}, ["PlayerCFrame"] = CFrame.new(188.22253418, 440.75439453, -22.19738007, 0.51002371, 6e-08, 0.86016035, 0.0, 1, -8e-08, -0.86016035, 4e-08, 0.51002371)}, {["PlayerAnims"] = {{["Id"] = "rbxassetid://14516273501", ["Name"] = "Animation1", ["Time"] = 0.41666654}}, ["DummyCFrame"] = CFrame.new(180.91682434, 440.75671387, -27.68010902, -0.86322236, 0, 0.5048238, 0, 1, 0, -0.5048238, 0, -0.86322236), ["Time"] = 0.25170588, ["DummyAnims"] = {}, ["PlayerCFrame"] = CFrame.new(188.22253418, 440.75439453, -22.19738007, 0.51002383, 7e-08, 0.86016029, 0.0, 1, -8e-08, -0.86016029, 5e-08, 0.51002383)}, {["PlayerAnims"] = {{["Id"] = "rbxassetid://14516273501", ["Name"] = "Animation1", ["Time"] = 0.42499986}}, ["DummyCFrame"] = CFrame.new(180.91682434, 440.75671387, -27.68010902, -0.86322236, 0, 0.5048238, 0, 1, 0, -0.5048238, 0, -0.86322236), ["Time"] = 0.2566421, ["DummyAnims"] = {}, ["PlayerCFrame"] = CFrame.new(188.22253418, 440.75439453, -22.19738007, 0.51002371, 8e-08, 0.86016035, 0.0, 1, -9e-08, -0.86016035, 5e-08, 0.51002371)}, {["PlayerAnims"] = {{["Id"] = "rbxassetid://14516273501", ["Name"] = "Animation1", ["Time"] = 0.42916653}}, ["DummyCFrame"] = CFrame.new(180.91682434, 440.75671387, -27.68010902, -0.86322236, 0, 0.5048238, 0, 1, 0, -0.5048238, 0, -0.86322236), ["Time"] = 0.26461244, ["DummyAnims"] = {}, ["PlayerCFrame"] = CFrame.new(188.22253418, 440.75439453, -22.19738007, 0.51002383, 8e-08, 0.86016029, 0.0, 1, -1e-07, -0.86016029, 5e-08, 0.51002383)}, {["PlayerAnims"] = {{["Id"] = "rbxassetid://14516273501", ["Name"] = "Animation1", ["Time"] = 0.43333319}}, ["DummyCFrame"] = CFrame.new(180.91682434, 440.75671387, -27.68010902, -0.86322236, 0, 0.5048238, 0, 1, 0, -0.5048238, 0, -0.86322236), ["Time"] = 0.26824021, ["DummyAnims"] = {}, ["PlayerCFrame"] = CFrame.new(188.22253418, 440.75439453, -22.19738007, 0.51002371, 9e-08, 0.86016035, 0.0, 1, -1e-07, -0.86016035, 6e-08, 0.51002371)}, {["PlayerAnims"] = {{["Id"] = "rbxassetid://14516273501", ["Name"] = "Animation1", ["Time"] = 0.43749985}}, ["DummyCFrame"] = CFrame.new(180.91682434, 440.75671387, -27.68010902, -0.86322236, 0, 0.5048238, 0, 1, 0, -0.5048238, 0, -0.86322236), ["Time"] = 0.27190137, ["DummyAnims"] = {}, ["PlayerCFrame"] = CFrame.new(188.22253418, 440.75439453, -22.19738007, 0.51002383, 9e-08, 0.86016029, 0.0, 1, -1.1e-07, -0.86016029, 6e-08, 0.51002383)}, {["PlayerAnims"] = {{["Id"] = "rbxassetid://14516273501", ["Name"] = "Animation1", ["Time"] = 0.44166651}}, ["DummyCFrame"] = CFrame.new(180.91682434, 440.75671387, -27.68010902, -0.86322236, 0, 0.5048238, 0, 1, 0, -0.5048238, 0, -0.86322236), ["Time"] = 0.27521086, ["DummyAnims"] = {}, ["PlayerCFrame"] = CFrame.new(188.22253418, 440.75439453, -22.19738007, 0.51002371, 1e-07, 0.86016035, 0.0, 1, -1.2e-07, -0.86016035, 6e-08, 0.51002371)}, {["PlayerAnims"] = {{["Id"] = "rbxassetid://14516273501", ["Name"] = "Animation1", ["Time"] = 0.44583318}}, ["DummyCFrame"] = CFrame.new(180.91682434, 440.75671387, -27.68010902, -0.86322236, 0, 0.5048238, 0, 1, 0, -0.5048238, 0, -0.86322236), ["Time"] = 0.2795589, ["DummyAnims"] = {}, ["PlayerCFrame"] = CFrame.new(188.22253418, 440.75439453, -22.19738007, 0.51002383, 1e-07, 0.86016029, 0.0, 1, -1.2e-07, -0.86016029, 7e-08, 0.51002383)}, {["PlayerAnims"] = {{["Id"] = "rbxassetid://14516273501", ["Name"] = "Animation1", ["Time"] = 0.44999984}}, ["DummyCFrame"] = CFrame.new(180.91682434, 440.75671387, -27.68010902, -0.86322236, 0, 0.5048238, 0, 1, 0, -0.5048238, 0, -0.86322236), ["Time"] = 0.28332567, ["DummyAnims"] = {}, ["PlayerCFrame"] = CFrame.new(188.22253418, 440.75439453, -22.19738007, 0.51002371, 1.1e-07, 0.86016035, 0.0, 1, -1.3e-07, -0.86016035, 7e-08, 0.51002371)}, {["PlayerAnims"] = {{["Id"] = "rbxassetid://14516273501", ["Name"] = "Animation1", ["Time"] = 0.4541665}}, ["DummyCFrame"] = CFrame.new(180.91682434, 440.75671387, -27.68010902, -0.86322236, 0, 0.5048238, 0, 1, 0, -0.5048238, 0, -0.86322236), ["Time"] = 0.28682327, ["DummyAnims"] = {}, ["PlayerCFrame"] = CFrame.new(188.22253418, 440.75439453, -22.19738007, 0.51002383, 1e-07, 0.86016029, 0.0, 1, -1.2e-07, -0.86016029, 6e-08, 0.51002383)}, {["PlayerAnims"] = {{["Id"] = "rbxassetid://14516273501", ["Name"] = "Animation1", ["Time"] = 0.45833316}}, ["DummyCFrame"] = CFrame.new(180.91682434, 440.75671387, -27.68010902, -0.86322236, 0, 0.5048238, 0, 1, 0, -0.5048238, 0, -0.86322236), ["Time"] = 0.2916553, ["DummyAnims"] = {}, ["PlayerCFrame"] = CFrame.new(188.22253418, 440.75439453, -22.19738007, 0.51002371, 9e-08, 0.86016035, 0.0, 1, -1e-07, -0.86016035, 5e-08, 0.51002371)}, {["PlayerAnims"] = {{["Id"] = "rbxassetid://14516273501", ["Name"] = "Animation1", ["Time"] = 0.46249983}}, ["DummyCFrame"] = CFrame.new(180.91682434, 440.75671387, -27.68010902, -0.86322236, 0, 0.5048238, 0, 1, 0, -0.5048238, 0, -0.86322236), ["Time"] = 0.29571676, ["DummyAnims"] = {}, ["PlayerCFrame"] = CFrame.new(188.22253418, 440.75439453, -22.19738007, 0.51002383, 8e-08, 0.86016029, 0.0, 1, -9e-08, -0.86016029, 5e-08, 0.51002383)}, {["PlayerAnims"] = {{["Id"] = "rbxassetid://14516273501", ["Name"] = "Animation1", ["Time"] = 0.46666649}}, ["DummyCFrame"] = CFrame.new(180.91682434, 440.75671387, -27.68010902, -0.86322236, 0, 0.5048238, 0, 1, 0, -0.5048238, 0, -0.86322236), ["Time"] = 0.29949903, ["DummyAnims"] = {}, ["PlayerCFrame"] = CFrame.new(188.22253418, 440.75439453, -22.19738007, 0.51002371, 7e-08, 0.86016035, 0.0, 1, -8e-08, -0.86016035, 4e-08, 0.51002371)}, {["PlayerAnims"] = {{["Id"] = "rbxassetid://14516273501", ["Name"] = "Animation1", ["Time"] = 0.47083315}}, ["DummyCFrame"] = CFrame.new(180.91682434, 440.75671387, -27.68010902, -0.86322236, 0, 0.5048238, 0, 1, 0, -0.5048238, 0, -0.86322236), ["Time"] = 0.30402112, ["DummyAnims"] = {}, ["PlayerCFrame"] = CFrame.new(188.22253418, 440.75439453, -22.19738007, 0.51002383, 6e-08, 0.86016029, 0.0, 1, -7e-08, -0.86016029, 3e-08, 0.51002383)}, {["PlayerAnims"] = {{["Id"] = "rbxassetid://14516273501", ["Name"] = "Animation1", ["Time"] = 0.47499982}}, ["DummyCFrame"] = CFrame.new(180.91682434, 440.75671387, -27.68010902, -0.86322236, 0, 0.5048238, 0, 1, 0, -0.5048238, 0, -0.86322236), ["Time"] = 0.30890465, ["DummyAnims"] = {}, ["PlayerCFrame"] = CFrame.new(188.22253418, 440.75439453, -22.19738007, 0.51002371, 5e-08, 0.86016035, 0.0, 1, -5e-08, -0.86016035, 3e-08, 0.51002371)}, {["PlayerAnims"] = {{["Id"] = "rbxassetid://14516273501", ["Name"] = "Animation1", ["Time"] = 0.47916648}}, ["DummyCFrame"] = CFrame.new(180.91682434, 440.75671387, -27.68010902, -0.86322236, 0, 0.5048238, 0, 1, 0, -0.5048238, 0, -0.86322236), ["Time"] = 0.31280899, ["DummyAnims"] = {}, ["PlayerCFrame"] = CFrame.new(188.22253418, 440.75439453, -22.19738007, 0.51002383, 4e-08, 0.86016029, 0.0, 1, -4e-08, -0.86016029, 2e-08, 0.51002383)}, {["PlayerAnims"] = {{["Id"] = "rbxassetid://14516273501", ["Name"] = "Animation1", ["Time"] = 0.48333314}}, ["DummyCFrame"] = CFrame.new(180.91682434, 440.75671387, -27.68010902, -0.86322236, 0, 0.5048238, 0, 1, 0, -0.5048238, 0, -0.86322236), ["Time"] = 0.31674004, ["DummyAnims"] = {}, ["PlayerCFrame"] = CFrame.new(188.22253418, 440.75439453, -22.19738007, 0.51002371, 3e-08, 0.86016035, -0.0, 1, -3e-08, -0.86016035, 2e-08, 0.51002371)}, {["PlayerAnims"] = {{["Id"] = "rbxassetid://14516273501", ["Name"] = "Animation1", ["Time"] = 0.4874998}}, ["DummyCFrame"] = CFrame.new(180.91682434, 440.75671387, -27.68010902, -0.86322236, 0, 0.5048238, 0, 1, 0, -0.5048238, 0, -0.86322236), ["Time"] = 0.32138181, ["DummyAnims"] = {}, ["PlayerCFrame"] = CFrame.new(188.22253418, 440.75439453, -22.19738007, 0.51002383, 2e-08, 0.86016029, -0.0, 1, -2e-08, -0.86016029, 1e-08, 0.51002383)}, {["PlayerAnims"] = {{["Id"] = "rbxassetid://14516273501", ["Name"] = "Animation1", ["Time"] = 0.49166647}}, ["DummyCFrame"] = CFrame.new(180.91682434, 440.75671387, -27.68010902, -0.86322236, 0, 0.5048238, 0, 1, 0, -0.5048238, 0, -0.86322236), ["Time"] = 0.3252511, ["DummyAnims"] = {}, ["PlayerCFrame"] = CFrame.new(188.22253418, 440.75439453, -22.19738007, 0.51002371, 1e-08, 0.86016035, -0.0, 1, -1e-08, -0.86016035, 0.0, 0.51002371)}, {["PlayerAnims"] = {{["Id"] = "rbxassetid://14516273501", ["Name"] = "Animation1", ["Time"] = 0.49583313}}, ["DummyCFrame"] = CFrame.new(180.91682434, 440.75671387, -27.68010902, -0.86322236, 0, 0.5048238, 0, 1, 0, -0.5048238, 0, -0.86322236), ["Time"] = 0.32938027, ["DummyAnims"] = {}, ["PlayerCFrame"] = CFrame.new(188.22253418, 440.75439453, -22.19738007, 0.51002383, -0.0, 0.86016029, -0.0, 1, 1e-08, -0.86016029, -0.0, 0.51002383)}, {["PlayerAnims"] = {{["Id"] = "rbxassetid://14516273501", ["Name"] = "Animation1", ["Time"] = 0.49999979}}, ["DummyCFrame"] = CFrame.new(180.91682434, 440.75671387, -27.68010902, -0.86322236, 0, 0.5048238, 0, 1, 0, -0.5048238, 0, -0.86322236), ["Time"] = 0.33398533, ["DummyAnims"] = {}, ["PlayerCFrame"] = CFrame.new(188.22253418, 440.75439453, -22.19738007, 0.51002371, -2e-08, 0.86016035, -0.0, 1, 2e-08, -0.86016035, -1e-08, 0.51002371)}, {["PlayerAnims"] = {{["Id"] = "rbxassetid://14516273501", ["Name"] = "Animation1", ["Time"] = 0.50416648}}, ["DummyCFrame"] = CFrame.new(180.91682434, 440.75671387, -27.68010902, -0.86322236, 0, 0.5048238, 0, 1, 0, -0.5048238, 0, -0.86322236), ["Time"] = 0.33839107, ["DummyAnims"] = {}, ["PlayerCFrame"] = CFrame.new(188.22253418, 440.75439453, -22.19738007, 0.51002383, -3e-08, 0.86016029, -0.0, 1, 3e-08, -0.86016029, -2e-08, 0.51002383)}, {["PlayerAnims"] = {{["Id"] = "rbxassetid://14516273501", ["Name"] = "Animation1", ["Time"] = 0.50833315}}, ["DummyCFrame"] = CFrame.new(180.91682434, 440.75671387, -27.68010902, -0.86322236, 0, 0.5048238, 0, 1, 0, -0.5048238, 0, -0.86322236), ["Time"] = 0.34258151, ["DummyAnims"] = {}, ["PlayerCFrame"] = CFrame.new(188.22253418, 440.75439453, -22.19738007, 0.51002371, -4e-08, 0.86016035, -0.0, 1, 4e-08, -0.86016035, -2e-08, 0.51002371)}, {["PlayerAnims"] = {{["Id"] = "rbxassetid://14516273501", ["Name"] = "Animation1", ["Time"] = 0.51666647}}, ["DummyCFrame"] = CFrame.new(180.91682434, 440.75671387, -27.68010902, -0.86322236, 0, 0.5048238, 0, 1, 0, -0.5048238, 0, -0.86322236), ["Time"] = 0.34786773, ["DummyAnims"] = {}, ["PlayerCFrame"] = CFrame.new(188.22253418, 440.75439453, -22.19738007, 0.51002383, -6e-08, 0.86016029, -0.0, 1, 7e-08, -0.86016029, -4e-08, 0.51002383)}, {["PlayerAnims"] = {{["Id"] = "rbxassetid://14516273501", ["Name"] = "Animation1", ["Time"] = 0.51666647}}, ["DummyCFrame"] = CFrame.new(180.91682434, 440.75671387, -27.68010902, -0.86322236, 0, 0.5048238, 0, 1, 0, -0.5048238, 0, -0.86322236), ["Time"] = 0.35215545, ["DummyAnims"] = {}, ["PlayerCFrame"] = CFrame.new(188.22253418, 440.75439453, -22.19738007, 0.51002371, -6e-08, 0.86016035, -0.0, 1, 7e-08, -0.86016035, -4e-08, 0.51002371)}, {["PlayerAnims"] = {{["Id"] = "rbxassetid://14516273501", ["Name"] = "Animation1", ["Time"] = 0.5249998}}, ["DummyCFrame"] = CFrame.new(180.91682434, 440.75671387, -27.68010902, -0.86322236, 0, 0.5048238, 0, 1, 0, -0.5048238, 0, -0.86322236), ["Time"] = 0.35748363, ["DummyAnims"] = {}, ["PlayerCFrame"] = CFrame.new(188.22253418, 440.75439453, -22.19738007, 0.51002383, -8e-08, 0.86016029, -1e-08, 1, 9e-08, -0.86016029, -5e-08, 0.51002383)}, {["PlayerAnims"] = {{["Id"] = "rbxassetid://14516273501", ["Name"] = "Animation1", ["Time"] = 0.52916646}}, ["DummyCFrame"] = CFrame.new(180.91682434, 440.75671387, -27.68010902, -0.86322236, 0, 0.5048238, 0, 1, 0, -0.5048238, 0, -0.86322236), ["Time"] = 0.36270857, ["DummyAnims"] = {}, ["PlayerCFrame"] = CFrame.new(188.22253418, 440.75439453, -22.19738007, 0.51002371, -9e-08, 0.86016035, -1e-08, 1, 1e-07, -0.86016035, -6e-08, 0.51002371)}, {["PlayerAnims"] = {{["Id"] = "rbxassetid://14516273501", ["Name"] = "Animation1", ["Time"] = 0.53749979}}, ["DummyCFrame"] = CFrame.new(180.91682434, 440.75671387, -27.68010902, -0.86322236, 0, 0.5048238, 0, 1, 0, -0.5048238, 0, -0.86322236), ["Time"] = 0.36927748, ["DummyAnims"] = {}, ["PlayerCFrame"] = CFrame.new(188.22253418, 440.75439453, -22.19738007, 0.51002383, -8e-08, 0.86016029, -0.0, 1, 9e-08, -0.86016029, -5e-08, 0.51002383)}, {["PlayerAnims"] = {{["Id"] = "rbxassetid://14516273501", ["Name"] = "Animation1", ["Time"] = 0.54166645}}, ["DummyCFrame"] = CFrame.new(180.91682434, 440.75671387, -27.68010902, -0.86322236, 0, 0.5048238, 0, 1, 0, -0.5048238, 0, -0.86322236), ["Time"] = 0.37712765, ["DummyAnims"] = {}, ["PlayerCFrame"] = CFrame.new(188.22253418, 440.75439453, -22.19738007, 0.51002371, -7e-08, 0.86016035, -0.0, 1, 9e-08, -0.86016035, -5e-08, 0.51002371)}, {["PlayerAnims"] = {{["Id"] = "rbxassetid://14516273501", ["Name"] = "Animation1", ["Time"] = 0.54999977}}, ["DummyCFrame"] = CFrame.new(180.91682434, 440.75671387, -27.68010902, -0.86322236, 0, 0.5048238, 0, 1, 0, -0.5048238, 0, -0.86322236), ["Time"] = 0.38354373, ["DummyAnims"] = {}, ["PlayerCFrame"] = CFrame.new(188.22253418, 440.75439453, -22.19738007, 0.51002383, -6e-08, 0.86016029, -0.0, 1, 8e-08, -0.86016029, -4e-08, 0.51002383)}, {["PlayerAnims"] = {{["Id"] = "rbxassetid://14516273501", ["Name"] = "Animation1", ["Time"] = 0.55416644}}, ["DummyCFrame"] = CFrame.new(180.91682434, 440.75671387, -27.68010902, -0.86322236, 0, 0.5048238, 0, 1, 0, -0.5048238, 0, -0.86322236), ["Time"] = 0.38905978, ["DummyAnims"] = {}, ["PlayerCFrame"] = CFrame.new(188.22253418, 440.75439453, -22.19738007, 0.51002371, -6e-08, 0.86016035, -0.0, 1, 7e-08, -0.86016035, -4e-08, 0.51002371)}, {["PlayerAnims"] = {{["Id"] = "rbxassetid://14516273501", ["Name"] = "Animation1", ["Time"] = 0.56249976}}, ["DummyCFrame"] = CFrame.new(180.91682434, 440.75671387, -27.68010902, -0.86322236, 0, 0.5048238, 0, 1, 0, -0.5048238, 0, -0.86322236), ["Time"] = 0.39367366, ["DummyAnims"] = {}, ["PlayerCFrame"] = CFrame.new(188.22253418, 440.75439453, -22.19738007, 0.51002383, -5e-08, 0.86016029, -0.0, 1, 6e-08, -0.86016029, -3e-08, 0.51002383)}, {["PlayerAnims"] = {{["Id"] = "rbxassetid://14516273501", ["Name"] = "Animation1", ["Time"] = 0.56666642}}, ["DummyCFrame"] = CFrame.new(180.91682434, 440.75671387, -27.68010902, -0.86322236, 0, 0.5048238, 0, 1, 0, -0.5048238, 0, -0.86322236), ["Time"] = 0.39873862, ["DummyAnims"] = {}, ["PlayerCFrame"] = CFrame.new(188.22253418, 440.75439453, -22.19738007, 0.51002371, -5e-08, 0.86016035, -0.0, 1, 5e-08, -0.86016035, -3e-08, 0.51002371)}, {["PlayerAnims"] = {{["Id"] = "rbxassetid://14516273501", ["Name"] = "Animation1", ["Time"] = 0.57083309}}, ["DummyCFrame"] = CFrame.new(180.91682434, 440.75671387, -27.68010902, -0.86322236, 0, 0.5048238, 0, 1, 0, -0.5048238, 0, -0.86322236), ["Time"] = 0.40387726, ["DummyAnims"] = {}, ["PlayerCFrame"] = CFrame.new(188.22253418, 440.75439453, -22.19738007, 0.51002383, -4e-08, 0.86016029, -0.0, 1, 5e-08, -0.86016029, -3e-08, 0.51002383)}, {["PlayerAnims"] = {{["Id"] = "rbxassetid://14516273501", ["Name"] = "Animation1", ["Time"] = 0.57499975}}, ["DummyCFrame"] = CFrame.new(180.91682434, 440.75671387, -27.68010902, -0.86322236, 0, 0.5048238, 0, 1, 0, -0.5048238, 0, -0.86322236), ["Time"] = 0.40770769, ["DummyAnims"] = {}, ["PlayerCFrame"] = CFrame.new(188.22253418, 440.75439453, -22.19738007, 0.51002371, -4e-08, 0.86016035, -0.0, 1, 4e-08, -0.86016035, -2e-08, 0.51002371)}, {["PlayerAnims"] = {{["Id"] = "rbxassetid://14516273501", ["Name"] = "Animation1", ["Time"] = 0.58333308}}, ["DummyCFrame"] = CFrame.new(180.91682434, 440.75671387, -27.68010902, -0.86322236, 0, 0.5048238, 0, 1, 0, -0.5048238, 0, -0.86322236), ["Time"] = 0.41364002, ["DummyAnims"] = {}, ["PlayerCFrame"] = CFrame.new(188.22253418, 440.75439453, -22.19738007, 0.51002383, -3e-08, 0