return {["StartTime"] = 1759537493.1356719, ["Frames"] = {{["PlayerAnims"] = {{["Id"] = "rbxassetid://14516273501", ["Name"] = "Animation1", ["Time"] = 0.595833}}, ["DummyCFrame"] = CFrame.new(76.5792923, 439.51452637, -43.03971863, -0.80605173, 0, -0.59184504, 0, 1, 0, 0.59184504, 0, -0.80605173), ["Time"] = 0.00916624, ["DummyAnims"] = {}, ["PlayerCFrame"] = CFrame.new(80.52057648, 439.51193237, -46.61541748, -0.72701681, -0.0, 0.6866197, 5e-08, 1, 5e-08, -0.6866197, 7e-08, -0.72701681)}, {["PlayerAnims"] = {{["Id"] = "rbxassetid://14516273501", ["Name"] = "Animation1", ["Time"] = 0.59999967}}, ["DummyCFrame"] = CFrame.new(76.5792923, 439.51452637, -43.03971863, -0.80605173, 0, -0.59184504, 0, 1, 0, 0.59184504, 0, -0.80605173), ["Time"] = 0.01329112, ["DummyAnims"] = {}, ["PlayerCFrame"] = CFrame.new(80.52057648, 439.51193237, -46.61541748, -0.72822607, -0.0, 0.68533701, 4e-08, 1, 5e-08, -0.68533701, 7e-08, -0.72822607)}, {["PlayerAnims"] = {{["Id"] = "rbxassetid://14516273501", ["Name"] = "Animation1", ["Time"] = 0.60416633}}, ["DummyCFrame"] = CFrame.new(76.5792923, 439.51452637, -43.03971863, -0.80605173, 0, -0.59184504, 0, 1, 0, 0.59184504, 0, -0.80605173), ["Time"] = 0.01933169, ["DummyAnims"] = {}, ["PlayerCFrame"] = CFrame.new(80.52057648, 439.51193237, -46.61541748, -0.72882986, -0.0, 0.68469483, 4e-08, 1, 4e-08, -0.68469483, 6e-08, -0.72882986)}, {["PlayerAnims"] = {{["Id"] = "rbxassetid://14516273501", ["Name"] = "Animation1", ["Time"] = 0.61249965}}, ["DummyCFrame"] = CFrame.new(76.5792923, 439.51452637, -43.03971863, -0.80605173, 0, -0.59184504, 0, 1, 0, 0.59184504, 0, -0.80605173), ["Time"] = 0.0233016, ["DummyAnims"] = {}, ["PlayerCFrame"] = CFrame.new(80.52057648, 439.51193237, -46.61541748, -0.72943312, 0.0, 0.68405217, 3e-08, 1, 3e-08, -0.68405217, 4e-08, -0.72943312)}, {["PlayerAnims"] = {{["Id"] = "rbxassetid://14516273501", ["Name"] = "Animation1", ["Time"] = 0.61249965}}, ["DummyCFrame"] = CFrame.new(76.5792923, 439.51452637, -43.03971863, -0.80605173, 0, -0.59184504, 0, 1, 0, 0.59184504, 0, -0.80605173), ["Time"] = 0.0260582, ["DummyAnims"] = {}, ["PlayerCFrame"] = CFrame.new(80.52057648, 439.51193237, -46.61541748, -0.72943264, 0.0, 0.68405271, 3e-08, 1, 3e-08, -0.68405271, 4e-08, -0.72943264)}, {["PlayerAnims"] = {{["Id"] = "rbxassetid://14516273501", ["Name"] = "Animation1", ["Time"] = 0.61666632}}, ["DummyCFrame"] = CFrame.new(76.5792923, 439.51452637, -43.03971863, -0.80605173, 0, -0.59184504, 0, 1, 0, 0.59184504, 0, -0.80605173), ["Time"] = 0.0307343, ["DummyAnims"] = {}, ["PlayerCFrame"] = CFrame.new(80.52057648, 439.51193237, -46.61541748, -0.72943258, 0.0, 0.68405271, 2e-08, 1, 2e-08, -0.68405271, 3e-08, -0.72943258)}, {["PlayerAnims"] = {{["Id"] = "rbxassetid://14516273501", ["Name"] = "Animation1", ["Time"] = 0.62499964}}, ["DummyCFrame"] = CFrame.new(76.5792923, 439.51452637, -43.03971863, -0.80605173, 0, -0.59184504, 0, 1, 0, 0.59184504, 0, -0.80605173), ["Time"] = 0.03568578, ["DummyAnims"] = {}, ["PlayerCFrame"] = CFrame.new(80.52057648, 439.51193237, -46.61541748, -0.72943276, 0.0, 0.68405253, 1e-08, 1, 1e-08, -0.68405253, 1e-08, -0.72943276)}, {["PlayerAnims"] = {{["Id"] = "rbxassetid://14516273501", ["Name"] = "Animation1", ["Time"] = 0.62916631}}, ["DummyCFrame"] = CFrame.new(76.5792923, 439.51452637, -43.03971863, -0.80605173, 0, -0.59184504, 0, 1, 0, 0.59184504, 0, -0.80605173), ["Time"] = 0.03924608, ["DummyAnims"] = {}, ["PlayerCFrame"] = CFrame.new(80.52057648, 439.51193237, -46.61541748, -0.72943276, 0.0, 0.68405253, 0.0, 1, 0.0, -0.68405253, 1e-08, -0.72943276)}, {["PlayerAnims"] = {{["Id"] = "rbxassetid://14516273501", ["Name"] = "Animation1", ["Time"] = 0.63333297}}, ["DummyCFrame"] = CFrame.new(76.5792923, 439.51452637, -43.03971863, -0.80605173, 0, -0.59184504, 0, 1, 0, 0.59184504, 0, -0.80605173), ["Time"] = 0.04353213, ["DummyAnims"] = {}, ["PlayerCFrame"] = CFrame.new(80.52057648, 439.51193237, -46.61541748, -0.72943276, 0.0, 0.68405253, -0.0, 1, -0.0, -0.68405253, -0.0, -0.72943276)}, {["PlayerAnims"] = {{["Id"] = "rbxassetid://14516273501", ["Name"] = "Animation1", ["Time"] = 0.63749963}}, ["DummyCFrame"] = CFrame.new(76.5792923, 439.51452637, -43.03971863, -0.80605173, 0, -0.59184504, 0, 1, 0, 0.59184504, 0, -0.80605173), ["Time"] = 0.04773664, ["DummyAnims"] = {}, ["PlayerCFrame"] = CFrame.new(80.52057648, 439.51193237, -46.61541748, -0.72943276, 0.0, 0.68405253, -1e-08, 1, -1e-08, -0.68405253, -1e-08, -0.72943276)}, {["PlayerAnims"] = {{["Id"] = "rbxassetid://14516273501", ["Name"] = "Animation1", ["Time"] = 0.64166629}}, ["DummyCFrame"] = CFrame.new(76.5792923, 439.51452637, -43.03971863, -0.80605173, 0, -0.59184504, 0, 1, 0, 0.59184504, 0, -0.80605173), ["Time"] = 0.05251098, ["DummyAnims"] = {}, ["PlayerCFrame"] = CFrame.new(80.52057648, 439.51193237, -46.61541748, -0.72943276, 0.0, 0.68405253, -1e-08, 1, -2e-08, -0.68405253, -2e-08, -0.72943276)}, {["PlayerAnims"] = {{["Id"] = "rbxassetid://14516273501", ["Name"] = "Animation1", ["Time"] = 0.64166629}}, ["DummyCFrame"] = CFrame.new(76.5792923, 439.51452637, -43.03971863, -0.80605173, 0, -0.59184504, 0, 1, 0, 0.59184504, 0, -0.80605173), ["Time"] = 0.0550108, ["DummyAnims"] = {}, ["PlayerCFrame"] = CFrame.new(80.52057648, 439.51193237, -46.61541748, -0.72943276, 0.0, 0.68405253, -1e-08, 1, -2e-08, -0.68405253, -2e-08, -0.72943276)}, {["PlayerAnims"] = {{["Id"] = "rbxassetid://14516273501", ["Name"] = "Animation1", ["Time"] = 0.64999962}}, ["DummyCFrame"] = CFrame.new(76.5792923, 439.51452637, -43.03971863, -0.80605173, 0, -0.59184504, 0, 1, 0, 0.59184504, 0, -0.80605173), ["Time"] = 0.06140041, ["DummyAnims"] = {}, ["PlayerCFrame"] = CFrame.new(80.52057648, 439.51193237, -46.61541748, -0.72943276, 0.0, 0.68405253, -2e-08, 1, -3e-08, -0.68405253, -4e-08, -0.72943276)}, {["PlayerAnims"] = {{["Id"] = "rbxassetid://14516273501", ["Name"] = "Animation1", ["Time"] = 0.65416628}}, ["DummyCFrame"] = CFrame.new(76.5792923, 439.51452637, -43.03971863, -0.80605173, 0, -0.59184504, 0, 1, 0, 0.59184504, 0, -0.80605173), ["Time"] = 0.0645268, ["DummyAnims"] = {}, ["PlayerCFrame"] = CFrame.new(80.52057648, 439.51193237, -46.61541748, -0.72943276, 0.0, 0.68405253, -3e-08, 1, -4e-08, -0.68405253, -5e-08, -0.72943276)}, {["PlayerAnims"] = {{["Id"] = "rbxassetid://14516273501", ["Name"] = "Animation1", ["Time"] = 0.65833294}}, ["DummyCFrame"] = CFrame.new(76.5792923, 439.51452637, -43.03971863, -0.80605173, 0, -0.59184504, 0, 1, 0, 0.59184504, 0, -0.80605173), ["Time"] = 0.06904721, ["DummyAnims"] = {}, ["PlayerCFrame"] = CFrame.new(80.52057648, 439.51193237, -46.61541748, -0.72943276, 0.0, 0.68405253, -4e-08, 1, -4e-08, -0.68405253, -5e-08, -0.72943276)}, {["PlayerAnims"] = {{["Id"] = "rbxassetid://14516273501", ["Name"] = "Animation1", ["Time"] = 0.66249961}}, ["DummyCFrame"] = CFrame.new(76.5792923, 439.51452637, -43.03971863, -0.80605173, 0, -0.59184504, 0, 1, 0, 0.59184504, 0, -0.80605173), ["Time"] = 0.07235503, ["DummyAnims"] = {}, ["PlayerCFrame"] = CFrame.new(80.52057648, 439.51193237, -46.61541748, -0.72943276, 0.0, 0.68405253, -4e-08, 1, -5e-08, -0.68405253, -6e-08, -0.72943276)}, {["PlayerAnims"] = {{["Id"] = "rbxassetid://14516273501", ["Name"] = "Animation1", ["Time"] = 0.66666627}}, ["DummyCFrame"] = CFrame.new(76.5792923, 439.51452637, -43.03971863, -0.80605173, 0, -0.59184504, 0, 1, 0, 0.59184504, 0, -0.80605173), ["Time"] = 0.07721686, ["DummyAnims"] = {}, ["PlayerCFrame"] = CFrame.new(80.52057648, 439.51193237, -46.61541748, -0.72943276, 0.0, 0.68405253, -5e-08, 1, -5e-08, -0.68405253, -7e-08, -0.72943276)}, {["PlayerAnims"] = {{["Id"] = "rbxassetid://14516273501", ["Name"] = "Animation1", ["Time"] = 0.66666627}}, ["DummyCFrame"] = CFrame.new(76.5792923, 439.51452637, -43.03971863, -0.80605173, 0, -0.59184504, 0, 1, 0, 0.59184504, 0, -0.80605173), ["Time"] = 0.08022761, ["DummyAnims"] = {}, ["PlayerCFrame"] = CFrame.new(80.52057648, 439.51193237, -46.61541748, -0.72943276, 0.0, 0.68405253, -5e-08, 1, -5e-08, -0.68405253, -7e-08, -0.72943276)}, {["PlayerAnims"] = {{["Id"] = "rbxassetid://14516273501", ["Name"] = "Animation1", ["Time"] = 0.67499959}}, ["DummyCFrame"] = CFrame.new(76.5792923, 439.51452637, -43.03971863, -0.80605173, 0, -0.59184504, 0, 1, 0, 0.59184504, 0, -0.80605173), ["Time"] = 0.08739638, ["DummyAnims"] = {}, ["PlayerCFrame"] = CFrame.new(80.52057648, 439.51193237, -46.61541748, -0.72943276, 0.0, 0.68405253, -6e-08, 1, -7e-08, -0.68405253, -9e-08, -0.72943276)}, {["PlayerAnims"] = {{["Id"] = "rbxassetid://14516273501", ["Name"] = "Animation1", ["Time"] = 0.68333292}}, ["DummyCFrame"] = CFrame.new(76.5792923, 439.51452637, -43.03971863, -0.80605173, 0, -0.59184504, 0, 1, 0, 0.59184504, 0, -0.80605173), ["Time"] = 0.09321761, ["DummyAnims"] = {}, ["PlayerCFrame"] = CFrame.new(80.52057648, 439.51193237, -46.61541748, -0.72943276, 0.0, 0.68405253, -7e-08, 1, -8e-08, -0.68405253, -1.1e-07, -0.72943276)}, {["PlayerAnims"] = {{["Id"] = "rbxassetid://14516273501", ["Name"] = "Animation1", ["Time"] = 0.68749958}}, ["DummyCFrame"] = CFrame.new(76.5792923, 439.51452637, -43.03971863, -0.80605173, 0, -0.59184504, 0, 1, 0, 0.59184504, 0, -0.80605173), ["Time"] = 0.10151172, ["DummyAnims"] = {}, ["PlayerCFrame"] = CFrame.new(80.52057648, 439.51193237, -46.61541748, -0.72943276, 0.0, 0.68405253, -8e-08, 1, -9e-08, -0.68405253, -1.1e-07, -0.72943276)}, {["PlayerAnims"] = {{["Id"] = "rbxassetid://14516273501", ["Name"] = "Animation1", ["Time"] = 0.69999957}}, ["DummyCFrame"] = CFrame.new(76.5792923, 439.51452637, -43.03971863, -0.80605173, 0, -0.59184504, 0, 1, 0, 0.59184504, 0, -0.80605173), ["Time"] = 0.11007524, ["DummyAnims"] = {}, ["PlayerCFrame"] = CFrame.new(80.52057648, 439.51193237, -46.61541748, -0.72943276, 0.0, 0.68405253, -6e-08, 1, -7e-08, -0.68405253, -9e-08, -0.72943276)}, {["PlayerAnims"] = {{["Id"] = "rbxassetid://14516273501", ["Name"] = "Animation1", ["Time"] = 0.70416623}}, ["DummyCFrame"] = CFrame.new(76.5792923, 439.51452637, -43.03971863, -0.80605173, 0, -0.59184504, 0, 1, 0, 0.59184504, 0, -0.80605173), ["Time"] = 0.11592865, ["DummyAnims"] = {}, ["PlayerCFrame"] = CFrame.new(80.52057648, 439.51193237, -46.61541748, -0.72943276, 0.0, 0.68405253, -5e-08, 1, -6e-08, -0.68405253, -8e-08, -0.72943276)}, {["PlayerAnims"] = {{["Id"] = "rbxassetid://14516273501", ["Name"] = "Animation1", ["Time"] = 0.7083329}}, ["DummyCFrame"] = CFrame.new(76.5792923, 439.51452637, -43.03971863, -0.80605173, 0, -0.59184504, 0, 1, 0, 0.59184504, 0, -0.80605173), ["Time"] = 0.12208366, ["DummyAnims"] = {}, ["PlayerCFrame"] = CFrame.new(80.52057648, 439.51193237, -46.61541748, -0.72943276, 0.0, 0.68405253, -5e-08, 1, -5e-08, -0.68405253, -7e-08, -0.72943276)}, {["PlayerAnims"] = {{["Id"] = "rbxassetid://14516273501", ["Name"] = "Animation1", ["Time"] = 0.71666622}}, ["DummyCFrame"] = CFrame.new(76.5792923, 439.51452637, -43.03971863, -0.80605173, 0, -0.59184504, 0, 1, 0, 0.59184504, 0, -0.80605173), ["Time"] = 0.12844706, ["DummyAnims"] = {}, ["PlayerCFrame"] = CFrame.new(80.52057648, 439.51193237, -46.61541748, -0.72943276, 0.0, 0.68405253, -3e-08, 1, -4e-08, -0.68405253, -5e-08, -0.72943276)}, {["PlayerAnims"] = {{["Id"] = "rbxassetid://14516273501", ["Name"] = "Animation1", ["Time"] = 0.72499955}}, ["DummyCFrame"] = CFrame.new(76.5792923, 439.51452637, -43.03971863, -0.80605173, 0, -0.59184504, 0, 1, 0, 0.59184504, 0, -0.80605173), ["Time"] = 0.13521886, ["DummyAnims"] = {}, ["PlayerCFrame"] = CFrame.new(80.52057648, 439.51193237, -46.61541748, -0.72943276, 0.0, 0.68405253, -2e-08, 1, -3e-08, -0.68405253, -3e-08, -0.72943276)}, {["PlayerAnims"] = {{["Id"] = "rbxassetid://14516273501", ["Name"] = "Animation1", ["Time"] = 0.72916621}}, ["DummyCFrame"] = CFrame.new(76.5792923, 439.51452637, -43.03971863, -0.80605173, 0, -0.59184504, 0, 1, 0, 0.59184504, 0, -0.80605173), ["Time"] = 0.14163876, ["DummyAnims"] = {}, ["PlayerCFrame"] = CFrame.new(80.52057648, 439.51193237, -46.61541748, -0.72943276, 0.0, 0.68405253, -2e-08, 1, -2e-08, -0.68405253, -3e-08, -0.72943276)}, {["PlayerAnims"] = {{["Id"] = "rbxassetid://14516273501", ["Name"] = "Animation1", ["Time"] = 0.73749954}}, ["DummyCFrame"] = CFrame.new(76.5792923, 439.51452637, -43.03971863, -0.80605173, 0, -0.59184504, 0, 1, 0, 0.59184504, 0, -0.80605173), ["Time"] = 0.148175, ["DummyAnims"] = {}, ["PlayerCFrame"] = CFrame.new(80.52057648, 439.51193237, -46.61541748, -0.72943276, -0.0, 0.68405253, -1e-08, 1, -1e-08, -0.68405253, -1e-08, -0.72943276)}, {["PlayerAnims"] = {{["Id"] = "rbxassetid://14516273501", ["Name"] = "Animation1", ["Time"] = 0.7416662}}, ["DummyCFrame"] = CFrame.new(76.5792923, 439.51452637, -43.03971863, -0.80605173, 0, -0.59184504, 0, 1, 0, 0.59184504, 0, -0.80605173), ["Time"] = 0.15489364, ["DummyAnims"] = {}, ["PlayerCFrame"] = CFrame.new(80.52057648, 439.51193237, -46.61541748, -0.72943276, -0.0, 0.68405253, 0.0, 1, 0.0, -0.68405253, 0.0, -0.72943276)}, {["PlayerAnims"] = {{["Id"] = "rbxassetid://14516273501", ["Name"] = "Animation1", ["Time"] = 0.74999952}}, ["DummyCFrame"] = CFrame.new(76.5792923, 439.51452637, -43.03971863, -0.80605173, 0, -0.59184504, 0, 1, 0, 0.59184504, 0, -0.80605173), ["Time"] = 0.16133451, ["DummyAnims"] = {}, ["PlayerCFrame"] = CFrame.new(80.52057648, 439.51193237, -46.61541748, -0.72943276, -0.0, 0.68405253, 1e-08, 1, 1e-08, -0.68405253, 2e-08, -0.72943276)}, {["PlayerAnims"] = {{["Id"] = "rbxassetid://14516273501", ["Name"] = "Animation1", ["Time"] = 0.75416619}}, ["DummyCFrame"] = CFrame.new(76.5792923, 439.51452637, -43.03971863, -0.80605173, 0, -0.59184504, 0, 1, 0, 0.59184504, 0, -0.80605173), ["Time"] = 0.16825151, ["DummyAnims"] = {}, ["PlayerCFrame"] = CFrame.new(80.52057648, 439.51193237, -46.61541748, -0.72943276, -0.0, 0.68405253, 2e-08, 1, 2e-08, -0.68405253, 3e-08, -0.72943276)}, {["PlayerAnims"] = {{["Id"] = "rbxassetid://14516273501", ["Name"] = "Animation1", ["Time"] = 0.75833285}}, ["DummyCFrame"] = CFrame.new(76.5792923, 439.51452637, -43.03971863, -0.80605173, 0, -0.59184504, 0, 1, 0, 0.59184504, 0, -0.80605173), ["Time"] = 0.17190933, ["DummyAnims"] = {}, ["PlayerCFrame"] = CFrame.new(80.52057648, 439.51193237, -46.61541748, -0.72943276, -0.0, 0.68405253, 2e-08, 1, 3e-08, -0.68405253, 4e-08, -0.72943276)}, {["PlayerAnims"] = {{["Id"] = "rbxassetid://14516273501", ["Name"] = "Animation1", ["Time"] = 0.76249951}}, ["DummyCFrame"] = CFrame.new(76.5792923, 439.51452637, -43.03971863, -0.80605173, 0, -0.59184504, 0, 1, 0, 0.59184504, 0, -0.80605173), ["Time"] = 0.17630339, ["DummyAnims"] = {}, ["PlayerCFrame"] = CFrame.new(80.52057648, 439.51193237, -46.61541748, -0.72943276, -0.0, 0.68405253, 3e-08, 1, 4e-08, -0.68405253, 5e-08, -0.72943276)}, {["PlayerAnims"] = {{["Id"] = "rbxassetid://14516273501", ["Name"] = "Animation1", ["Time"] = 0.77083284}}, ["DummyCFrame"] = CFrame.new(76.5792923, 439.51452637, -43.03971863, -0.80605173, 0, -0.59184504, 0, 1, 0, 0.59184504, 0, -0.80605173), ["Time"] = 0.18127275, ["DummyAnims"] = {}, ["PlayerCFrame"] = CFrame.new(80.52057648, 439.51193237, -46.61541748, -0.72943276, -0.0, 0.68405253, 4e-08, 1, 5e-08, -0.68405253, 6e-08, -0.72943276)}, {["PlayerAnims"] = {{["Id"] = "rbxassetid://14516273501", ["Name"] = "Animation1", ["Time"] = 0.7749995}}, ["DummyCFrame"] = CFrame.new(76.5792923, 439.51452637, -43.03971863, -0.80605173, 0, -0.59184504, 0, 1, 0, 0.59184504, 0, -0.80605173), ["Time"] = 0.18493938, ["DummyAnims"] = {}, ["PlayerCFrame"] = CFrame.new(80.52057648, 439.51193237, -46.61541748, -0.72943276, -0.0, 0.68405253, 5e-08, 1, 6e-08, -0.68405253, 7e-08, -0.72943276)}, {["PlayerAnims"] = {{["Id"] = "rbxassetid://14516273501", ["Name"] = "Animation1", ["Time"] = 0.7749995}}, ["DummyCFrame"] = CFrame.new(76.5792923, 439.51452637, -43.03971863, -0.80605173, 0, -0.59184504, 0, 1, 0, 0.59184504, 0, -0.80605173), ["Time"] = 0.18855762, ["DummyAnims"] = {}, ["PlayerCFrame"] = CFrame.new(80.52057648, 439.51193237, -46.61541748, -0.72943276, -0.0, 0.68405253, 5e-08, 1, 6e-08, -0.68405253, 7e-08, -0.72943276)}, {["PlayerAnims"] = {{["Id"] = "rbxassetid://14516273501", ["Name"] = "Animation1", ["Time"] = 0.78333282}}, ["DummyCFrame"] = CFrame.new(76.5792923, 439.51452637, -43.03971863, -0.80605173, 0, -0.59184504, 0, 1, 0, 0.59184504, 0, -0.80605173), ["Time"] = 0.19439745, ["DummyAnims"] = {}, ["PlayerCFrame"] = CFrame.new(80.52057648, 439.51193237, -46.61541748, -0.72943276, -0.0, 0.68405253, 6e-08, 1, 7e-08, -0.68405253, 9e-08, -0.72943276)}, {["PlayerAnims"] = {{["Id"] = "rbxassetid://14516273501", ["Name"] = "Animation1", ["Time"] = 0.78749949}}, ["DummyCFrame"] = CFrame.new(76.5792923, 439.51452637, -43.03971863, -0.80605173, 0, -0.59184504, 0, 1, 0, 0.59184504, 0, -0.80605173), ["Time"] = 0.19973159, ["DummyAnims"] = {}, ["PlayerCFrame"] = CFrame.new(80.52057648, 439.51193237, -46.61541748, -0.72882932, -0.0, 0.68469536, 6e-08, 1, 8e-08, -0.68469536, 1e-07, -0.72882932)}, {["PlayerAnims"] = {{["Id"] = "rbxassetid://14516273501", ["Name"] = "Animation1", ["Time"] = 0.79166615}}, ["DummyCFrame"] = CFrame.new(76.5792923, 439.51452637, -43.03971863, -0.80605173, 0, -0.59184504, 0, 1, 0, 0.59184504, 0, -0.80605173), ["Time"] = 0.20431757, ["DummyAnims"] = {}, ["PlayerCFrame"] = CFrame.new(80.52057648, 439.51193237, -46.61541748, -0.72882932, -1e-08, 0.68469536, 7e-08, 1, 8e-08, -0.68469536, 1.1e-07, -0.72882932)}, {["PlayerAnims"] = {{["Id"] = "rbxassetid://14516273501", ["Name"] = "Animation1", ["Time"] = 0.79583281}}, ["DummyCFrame"] = CFrame.new(76.5792923, 439.51452637, -43.03971863, -0.80605173, 0, -0.59184504, 0, 1, 0, 0.59184504, 0, -0.80605173), ["Time"] = 0.21062398, ["DummyAnims"] = {}, ["PlayerCFrame"] = CFrame.new(80.52057648, 439.51193237, -46.61541748, -0.72882932, -1e-08, 0.68469536, 8e-08, 1, 9e-08, -0.68469536, 1.2e-07, -0.72882932)}, {["PlayerAnims"] = {{["Id"] = "rbxassetid://14516273501", ["Name"] = "Animation1", ["Time"] = 0.80416614}}, ["DummyCFrame"] = CFrame.new(76.5792923, 439.51452637, -43.03971863, -0.80605173, 0, -0.59184504, 0, 1, 0, 0.59184504, 0, -0.80605173), ["Time"] = 0.21831369, ["DummyAnims"] = {}, ["PlayerCFrame"] = CFrame.new(80.52057648, 439.51193237, -46.61541748, -0.72882932, -0.0, 0.68469536, 6e-08, 1, 8e-08, -0.68469536, 1e-07, -0.72882932)}, {["PlayerAnims"] = {{["Id"] = "rbxassetid://14516273501", ["Name"] = "Animation1", ["Time"] = 0.81249946}}, ["DummyCFrame"] = CFrame.new(76.5792923, 439.51452637, -43.03971863, -0.80605173, 0, -0.59184504, 0, 1, 0, 0.59184504, 0, -0.80605173), ["Time"] = 0.22354627, ["DummyAnims"] = {}, ["PlayerCFrame"] = CFrame.new(80.52057648, 439.51193237, -46.61541748, -0.72882932, -0.0, 0.68469536, 5e-08, 1, 6e-08, -0.68469536, 8e-08, -0.72882932)}, {["PlayerAnims"] = {{["Id"] = "rbxassetid://14516273501", ["Name"] = "Animation1", ["Time"] = 0.81249946}}, ["DummyCFrame"] = CFrame.new(76.5792923, 439.51452637, -43.03971863, -0.80605173, 0, -0.59184504, 0, 1, 0, 0.59184504, 0, -0.80605173), ["Time"] = 0.22670841, ["DummyAnims"] = {}, ["PlayerCFrame"] = CFrame.new(80.52057648, 439.51193237, -46.61541748, -0.72882932, -0.0, 0.68469536, 5e-08, 1, 6e-08, -0.68469536, 8e-08, -0.72882932)}, {["PlayerAnims"] = {{["Id"] = "rbxassetid://14516273501", ["Name"] = "Animation1", ["Time"] = 0.82083279}}, ["DummyCFrame"] = CFrame.new(76.5792923, 439.51452637, -43.03971863, -0.80605173, 0, -0.59184504, 0, 1, 0, 0.59184504, 0, -0.80605173), ["Time"] = 0.23150778, ["DummyAnims"] = {}, ["PlayerCFrame"] = CFrame.new(80.52057648, 439.51193237, -46.61541748, -0.72882932, -0.0, 0.68469536, 4e-08, 1, 5e-08, -0.68469536, 6e-08, -0.72882932)}, {["PlayerAnims"] = {{["Id"] = "rbxassetid://14516273501", ["Name"] = "Animation1", ["Time"] = 0.82499945}}, ["DummyCFrame"] = CFrame.new(76.5792923, 439.51452637, -43.03971863, -0.80605173, 0, -0.59184504, 0, 1, 0, 0.59184504, 0, -0.80605173), ["Time"] = 0.23571539, ["DummyAnims"] = {}, ["PlayerCFrame"] = CFrame.new(80.52057648, 439.51193237, -46.61541748, -0.72822541, -0.0, 0.68533772, 3e-08, 1, 4e-08, -0.68533772, 5e-08, -0.72822541)}, {["PlayerAnims"] = {{["Id"] = "rbxassetid://14516273501", ["Name"] = "Animation1", ["Time"] = 0.82916611}}, ["DummyCFrame"] = CFrame.new(76.5792923, 439.51452637, -43.03971863, -0.80605173, 0, -0.59184504, 0, 1, 0, 0.59184504, 0, -0.80605173), ["Time"] = 0.2403419, ["DummyAnims"] = {}, ["PlayerCFrame"] = CFrame.new(80.52057648, 439.51193237, -46.61541748, -0.72822541, -0.0, 0.68533772, 3e-08, 1, 3e-08, -0.68533772, 4e-08, -0.72822541)}, {["PlayerAnims"] = {{["Id"] = "rbxassetid://14516273501", ["Name"] = "Animation1", ["Time"] = 0.83333278}}, ["DummyCFrame"] = CFrame.new(76.5792923, 439.51452637, -43.03971863, -0.80605173, 0, -0.59184504, 0, 1, 0, 0.59184504, 0, -0.80605173), ["Time"] = 0.24498439, ["DummyAnims"] = {}, ["PlayerCFrame"] = CFrame.new(80.52057648, 439.51193237, -46.61541748, -0.72822541, -0.0, 0.68533772, 2e-08, 1, 3e-08, -0.68533772, 4e-08, -0.72822541)}, {["PlayerAnims"] = {{["Id"] = "rbxassetid://14516273501", ["Name"] = "Animation1", ["Time"] = 0.83749944}}, ["DummyCFrame"] = CFrame.new(76.5792923, 439.51452637, -43.03971863, -0.80605173, 0, -0.59184504, 0, 1, 0, 0.59184504, 0, -0.80605173), ["Time"] = 0.24886394, ["DummyAnims"] = {}, ["PlayerCFrame"] = CFrame.new(80.52057648, 439.51193237, -46.61541748, -0.72822541, -0.0, 0.68533772, 2e-08, 1, 2e-08, -0.68533772, 3e-08, -0.72822541)}, {["PlayerAnims"] = {{["Id"] = "rbxassetid://14516273501", ["Name"] = "Animation1", ["Time"] = 0.8416661}}, ["DummyCFrame"] = CFrame.new(76.5792923, 439.51452637, -43.03971863, -0.80605173, 0, -0.59184504, 0, 1, 0, 0.59184504, 0, -0.80605173), ["Time"] = 0.25244951, ["DummyAnims"] = {}, ["PlayerCFrame"] = CFrame.new(80.52057648, 439.51193237, -46.61541748, -0.72822541, -0.0, 0.68533772, 1e-08, 1, 1e-08, -0.68533772, 2e-08, -0.72822541)}, {["PlayerAnims"] = {{["Id"] = "rbxassetid://14516273501", ["Name"] = "Animation1", ["Time"] = 0.84583277}}, ["DummyCFrame"] = CFrame.new(76.5792923, 439.51452637, -43.03971863, -0.80605173, 0, -0.59184504, 0, 1, 0, 0.59184504, 0, -0.80605173), ["Time"] = 0.25689697, ["DummyAnims"] = {}, ["PlayerCFrame"] = CFrame.new(80.52057648, 439.51193237, -46.61541748, -0.72822541, -0.0, 0.68533772, 1e-08, 1, 1e-08, -0.68533772, 1e-08, -0.72822541)}, {["PlayerAnims"] = {{["Id"] = "rbxassetid://14516273501", ["Name"] = "Animation1", ["Time"] = 0.84999943}}, ["DummyCFrame"] = CFrame.new(76.5792923, 439.51452637, -43.03971863, -0.80605173, 0, -0.59184504, 0, 1, 0, 0.59184504, 0, -0.80605173), ["Time"] = 0.26105142, ["DummyAnims"] = {}, ["PlayerCFrame"] = CFrame.new(80.52057648, 439.51193237, -46.61541748, -0.72822541, 0.0, 0.68533772, 0.0, 1, -0.0, -0.68533772, -0.0, -0.72822541)}, {["PlayerAnims"] = {{["Id"] = "rbxassetid://14516273501", ["Name"] = "Animation1", ["Time"] = 0.85416609}}, ["DummyCFrame"] = CFrame.new(76.5792923, 439.51452637, -43.03971863, -0.80605173, 0, -0.59184504, 0, 1, 0, 0.59184504, 0, -0.80605173), ["Time"] = 0.26483893, ["DummyAnims"] = {}, ["PlayerCFrame"] = CFrame.new(80.52057648, 439.51193237, -46.61541748, -0.72822541, 0.0, 0.68533772, -1e-08, 1, -1e-08, -0.68533772, -1e-08, -0.72822541)}, {["PlayerAnims"] = {{["Id"] = "rbxassetid://14516273501", ["Name"] = "Animation1", ["Time"] = 0.85833275}}, ["DummyCFrame"] = CFrame.new(76.5792923, 439.51452637, -43.03971863, -0.80605173, 0, -0.59184504, 0, 1, 0, 0.59184504, 0, -0.80605173), ["Time"] = 0.2691648, ["DummyAnims"] = {}, ["PlayerCFrame"] = CFrame.new(80.52057648, 439.51193237, -46.61541748, -0.72822541, 0.0, 0.68533772, -1e-08, 1, -1e-08, -0.68533772, -2e-08, -0.72822541)}, {["PlayerAnims"] = {{["Id"] = "rbxassetid://14516273501", ["Name"] = "Animation1", ["Time"] = 0.86249942}}, ["DummyCFrame"] = CFrame.new(76.5792923, 439.51452637, -43.03971863, -0.80605173, 0, -0.59184504, 0, 1, 0, 0.59184504, 0, -0.80605173), ["Time"] = 0.27328086, ["DummyAnims"] = {}, ["PlayerCFrame"] = CFrame.new(80.52057648, 439.51193237, -46.61541748, -0.72822541, 0.0, 0.68533772, -2e-08, 1, -2e-08, -0.68533772, -3e-08, -0.72822541)}, {["PlayerAnims"] = {{["Id"] = "rbxassetid://14516273501", ["Name"] = "Animation1", ["Time"] = 0.86249942}}, ["DummyCFrame"] = CFrame.new(76.5792923, 439.51452637, -43.03971863, -0.80605173, 0, -0.59184504, 0, 1, 0, 0.59184504, 0, -0.80605173), ["Time"] = 0.2763617, ["DummyAnims"] = {}, ["PlayerCFrame"] = CFrame.new(80.52057648, 439.51193237, -46.61541748, -0.72822541, 0.0, 0.68533772, -2e-08, 1, -2e-08, -0.68533772, -3e-08, -0.72822541)}, {["PlayerAnims"] = {{["Id"] = "rbxassetid://14516273501", ["Name"] = "Animation1", ["Time"] = 0.87083274}}, ["DummyCFrame"] = CFrame.new(76.5792923, 439.51452637, -43.03971863, -0.80605173, 0, -0.59184504, 0, 1, 0, 0.59184504, 0, -0.80605173), ["Time"] = 0.28086233, ["DummyAnims"] = {}, ["PlayerCFrame"] = CFrame.new(80.52057648, 439.51193237, -46.61541748, -0.72822541, 0.0, 0.68533772, -3e-08, 1, -3e-08, -0.68533772, -5e-08, -0.72822541)}, {["PlayerAnims"] = {{["Id"] = "rbxassetid://14516273501", ["Name"] = "Animation1", ["Time"] = 0.8749994}}, ["DummyCFrame"] = CFrame.new(76.5792923, 439.51452637, -43.03971863, -0.80605173, 0, -0.59184504, 0, 1, 0, 0.59184504, 0, -0.80605173), ["Time"] = 0.28700852, ["DummyAnims"] = {}, ["PlayerCFrame"] = CFrame.new(80.52057648, 439.51193237, -46.61541748, -0.72822541, 0.0, 0.68533772, -3e-08, 1, -4e-08, -0.68533772, -5e-08, -0.72822541)}, {["PlayerAnims"] = {{["Id"] = "rbxassetid://14516273501", ["Name"] = "Animation1", ["Time"] = 0.87916607}}, ["DummyCFrame"] = CFrame.new(76.5792923, 439.51452637, -43.03971863, -0.80605173, 0, -0.59184504, 0, 1, 0, 0.59184504, 0, -0.80605173), ["Time"] = 0.29247499, ["DummyAnims"] = {}, ["PlayerCFrame"] = CFrame.new(80.52057648, 439.51193237, -46.61541748, -0.72822541, 0.0, 0.68533772, -4e-08, 1, -5e-08, -0.68533772, -6e-08, -0.72822541)}, {["PlayerAnims"] = {{["Id"] = "rbxassetid://14516273501", ["Name"] = "Animation1", ["Time"] = 0.88749939}}, ["DummyCFrame"] = CFrame.new(76.5792923, 439.51452637, -43.03971863, -0.80605173, 0, -0.59184504, 0, 1, 0, 0.59184504, 0, -0.80605173), ["Time"] = 0.29806399, ["DummyAnims"] = {}, ["PlayerCFrame"] = CFrame.new(80.52057648, 439.51193237, -46.61541748, -0.72822541, 0.0, 0.68533772, -5e-08, 1, -6e-08, -0.68533772, -8e-08, -0.72822541)}, {["PlayerAnims"] = {{["Id"] = "rbxassetid://14516273501", ["Name"] = "Animation1", ["Time"] = 0.90416604}}, ["DummyCFrame"] = CFrame.new(76.5792923, 439.51452637, -43.03971863, -0.80605173, 0, -0.59184504, 0, 1, 0, 0.59184504, 0, -0.80605173), ["Time"] = 0.31735396, ["DummyAnims"] = {}, ["PlayerCFrame"] = CFrame.new(80.52057648, 439.51193237, -46.61541748, -0.72701627, 1e-08, 0.68662024, -8e-08, 1, -9e-08, -0.68662024, -1.2e-07, -0.72701627)}, {["PlayerAnims"] = {{["Id"] = "rbxassetid://14516273501", ["Name"] = "Animation1", ["Time"] = 0.91249937}}, ["DummyCFrame"] = CFrame.new(76.5792923, 439.51452637, -43.03971863, -0.80605173, 0, -0.59184504, 0, 1, 0, 0.59184504, 0, -0.80605173), ["Time"] = 0.32608128, ["DummyAnims"] = {}, ["PlayerCFrame"] = CFrame.new(80.52057648, 439.51193237, -46.61541748, -0.72701627, 1e-08, 0.68662024, -6e-08, 1, -8e-08, -0.68662024, -1e-07, -0.72701627)}, {["PlayerAnims"] = {{["Id"] = "rbxassetid://14516273501", ["Name"] = "Animation1", ["Time"] = 0.92083269}}, ["DummyCFrame"] = CFrame.new(76.5792923, 439.51452637, -43.03971863, -0.80605173, 0, -0.59184504, 0, 1, 0, 0.59184504, 0, -0.80605173), ["Time"] = 0.33166027, ["DummyAnims"] = {}, ["PlayerCFrame"] = CFrame.new(80.52057648, 439.51193237, -46.61541748, -0.72701627, 0.0, 0.68662024, -5e-08, 1, -6e-08, -0.68662024, -8e-08, -0.72701627)}, {["PlayerAnims"] = {{["Id"] = "rbxassetid://14516273501", ["Name"] = "Animation1", ["Time"] = 0.92499936}}, ["DummyCFrame"] = CFrame.new(76.5792923, 439.51452637, -43.03971863, -0.80605173, 0, -0.59184504, 0, 1, 0, 0.59184504, 0, -0.80605173), ["Time"] = 0.33735919, ["DummyAnims"] = {}, ["PlayerCFrame"] = CFrame.new(80.52057648, 439.51193237, -46.61541748, -0.72701627, 0.0, 0.68662024, -5e-08, 1, -6e-08, -0.68662024, -7e-08, -0.72701627)}, {["PlayerAnims"] = {{["Id"] = "rbxassetid://14516273501", ["Name"] = "Animation1", ["Time"] = 0.93333268}}, ["DummyCFrame"] = CFrame.new(76.5792923, 439.51452637, -43.03971863, -0.80605173, 0, -0.59184504, 0, 1, 0, 0.59184504, 0, -0.80605173), ["Time"] = 0.345613, ["DummyAnims"] = {}, ["PlayerCFrame"] = CFrame.new(80.52057648, 439.51193237, -46.61541748, -0.72701627, 0.0, 0.68662024, -3e-08, 1, -4e-08, -0.68662024, -5e-08, -0.72701627)}, {["PlayerAnims"] = {{["Id"] = "rbxassetid://14516273501", ["Name"] = "Animation1", ["Time"] = 0.93749934}}, ["DummyCFrame"] = CFrame.new(76.5792923, 439.51452637, -43.03971863, -0.80605173, 0, -0.59184504, 0, 1, 0, 0.59184504, 0, -0.80605173), ["Time"] = 0.35103941, ["DummyAnims"] = {}, ["PlayerCFrame"] = CFrame.new(80.52057648, 439.51193237, -46.61541748, -0.72701627, 0.0, 0.68662024, -3e-08, 1, -3e-08, -0.68662024, -5e-08, -0.72701627)}, {["PlayerAnims"] = {{["Id"] = "rbxassetid://14516273501", ["Name"] = "Animation1", ["Time"] = 0.94166601}}, ["DummyCFrame"] = CFrame.new(76.5792923, 439.51452637, -43.03971863, -0.80605173, 0, -0.59184504, 0, 1, 0, 0.59184504, 0, -0.80605173), ["Time"] = 0.35534859, ["DummyAnims"] = {}, ["PlayerCFrame"] = CFrame.new(80.52057648, 439.51193237, -46.61541748, -0.72701627, 0.0, 0.68662024, -2e-08, 1, -3e-08, -0.68662024, -4e-08, -0.72701627)}, {["PlayerAnims"] = {{["Id"] = "rbxassetid://14516273501", ["Name"] = "Animation1", ["Time"] = 0.954166}}, ["DummyCFrame"] = CFrame.new(76.5792923, 439.51452637, -43.03971863, -0.80605173, 0, -0.59184504, 0, 1, 0, 0.59184504, 0, -0.80605173), ["Time"] = 0.36512446, ["DummyAnims"] = {}, ["PlayerCFrame"] = CFrame.new(80.52057648, 439.51193237, -46.61541748, -0.72701627, 0.0, 0.68662024, -1e-08, 1, -1e-08, -0.68662024, -1e-08, -0.72701627)}, {["PlayerAnims"] = {{["Id"] = "rbxassetid://14516273501", ["Name"] = "Animation1", ["Time"] = 0.96249932}}, ["DummyCFrame"] = CFrame.new(76.5792923, 439.51452637, -43.03971863, -0.80605173, 0, -0.59184504, 0, 1, 0, 0.59184504, 0, -0.80605173), ["Time"] = 0.37315559, ["DummyAnims"] = {}, ["PlayerCFrame"] = CFrame.new(80.52057648, 439.51193237, -46.61541748, -0.72701627, -0.0, 0.68662024, 1e-08, 1, 1e-08, -0.68662024, 1e-08, -0.72701627)}, {["PlayerAnims"] = {{["Id"] = "rbxassetid://14516273501", ["Name"] = "Animation1", ["Time"] = 0.97083265}}, ["DummyCFrame"] = CFrame.new(76.5792923, 439.51452637, -43.03971863, -0.80605173, 0, -0.59184504, 0, 1, 0, 0.59184504, 0, -0.80605173), ["Time"] = 0.38298225, ["DummyAnims"] = {}, ["PlayerCFrame"] = CFrame.new(80.52057648, 439.51193237, -46.61541748, -0.72701627, -0.0, 0.68662024, 2e-08, 1, 2e-08, -0.68662024, 3e-08, -0.72701627)}, {["PlayerAnims"] = {{["Id"] = "rbxassetid://14516273501", ["Name"] = "Animation1", ["Time"] = 0.97499931}}, ["DummyCFrame"] = CFrame.new(76.5792923, 439.51452637, -43.03971863, -0.80605173, 0, -0.59184504, 0, 1, 0, 0.59184504, 0, -0.80605173), ["Time"] = 0.38898683, ["DummyAnims"] = {}, ["PlayerCFrame"] = CFrame.new(80.52057648, 439.51193237, -46.61541748, -0.72701627, -0.0, 0.68662024, 2e-08, 1, 3e-08, -0.68662024, 4e-08, -0.72701627)}, {["PlayerAnims"] = {{["Id"] = "rbxassetid://14516273501", ["Name"] = "Animation1", ["Time"] = 0.98333263}}, ["DummyCFrame"] = CFrame.new(76.5792923, 439.51452637, -43.03971863, -0.80605173, 0, -0.59184504, 0, 1, 0, 0.59184504, 0, -0.80605173), ["Time"] = 0.39447737, ["DummyAnims"] = {}, ["PlayerCFrame"] = CFrame.new(80.52057648, 439.51193237, -46.61541748, -0.72701627, -0.0, 0.68662024, 3e-08, 1, 4e-08, -0.68662024, 5e-08, -0.72701627)}, {["PlayerAnims"] = {{["Id"] = "rbxassetid://14516273501", ["Name"] = "Animation1", ["Time"] = 0.9874993}}, ["DummyCFrame"] = CFrame.new(76.5792923, 439.51452637, -43.03971863, -0.80605173, 0, -0.59184504, 0, 1, 0, 0.59184504, 0, -0.80605173), ["Time"] = 0.3990345, ["DummyAnims"] = {}, ["PlayerCFrame"] = CFrame.new(80.52057648, 439.51193237, -46.61541748, -0.72701627, -0.0, 0.68662024, 4e-08, 1, 5e-08, -0.68662024, 6e-08, -0.72701627)}, {["PlayerAnims"] = {{["Id"] = "rbxassetid://14516273501", ["Name"] = "Animation1", ["Time"] = 0.99166596}}, ["DummyCFrame"] = CFrame.new(76.5792923, 439.51452637, -43.03971863, -0.80605173, 0, -0.59184504, 0, 1, 0, 0.59184504, 0, -0.80605173), ["Time"] = 0.4047811, ["DummyAnims"] = {}, ["PlayerCFrame"] = CFrame.new(80.52057648, 439.51193237, -46.61541748, -0.72519815, -0.0, 0.68854028, 5e-08, 1, 5e-08, -0.68854028, 7e-08, -0.72519815)}, {["PlayerAnims"] = {{["Id"] = "rbxassetid://14516273501", ["Name"] = "Animation1", ["Time"] = 0.99999928}}, ["DummyCFrame"] = CFrame.new(76.5792923, 439.51452637, -43.03971863, -0.80605173, 0, -0.59184504, 0, 1, 0, 0.59184504, 0, -0.80605173), ["Time"] = 0.41079426, ["DummyAnims"] = {}, ["PlayerCFrame"] = CFrame.new(80.52057648, 439.51193237, -46.61541748, -0.7233749, -1e-08, 0.6904555, 6e-08, 1, 7e-08, -0.6904555, 9e-08, -0.7233749)}, {["PlayerAnims"] = {{["Id"] = "rbxassetid://14516273501", ["Name"] = "Animation1", ["Time"] = 1.00833261}}, ["DummyCFrame"] = CFrame.new(76.5792923, 439.51452637, -43.03971863, -0.80605173, 0, -0.59184504, 0, 1, 0, 0.59184504, 0, -0.80605173), ["Time"] = 0.41923809, ["DummyAnims"] = {}, ["PlayerCFrame"] = CFrame.new(80.52057648, 439.51193237, -46.61541748, -0.71971339, -1e-08, 0.69427127, 7e-08, 1, 8e-08, -0.69427127, 1.1e-07, -0.71971339)}, {["PlayerAnims"] = {{["Id"] = "rbxassetid://14516273501", ["Name"] = "Animation1", ["Time"] = 1.01666594}}, ["DummyCFrame"] = CFrame.new(76.5792923, 439.51452637, -43.03971863, -0.80605173, 0, -0.59184504, 0, 1, 0, 0.59184504, 0, -0.80605173), ["Time"] = 0.42921638, ["DummyAnims"] = {}, ["PlayerCFrame"] = CFrame.new(80.52057648, 439.51193237, -46.61541748, -0.71664697, -1e-08, 0.69743609, 7e-08, 1, 8e-08, -0.69743609, 1.1e-07, -0.71664697)}, {["PlayerAnims"] = {{["Id"] = "rbxassetid://14516273501", ["Name"] = "Animation1", ["Time"] = 1.02083266}}, ["DummyCFrame"] = CFrame.new(76.5792923, 439.51452637, -43.03971863, -0.80605173, 0, -0.59184504, 0, 1, 0, 0.59184504, 0, -0.80605173), ["Time"] = 0.43309116, ["DummyAnims"] = {}, ["PlayerCFrame"] = CFrame.new(80.52057648, 439.51193237, -46.61541748, -0.71664697, -1e-08, 0.69743609, 6e-08, 1, 8e-08, -0.69743609, 1e-07, -0.71664697)}, {["PlayerAnims"] = {{["Id"] = "rbxassetid://14516273501", ["Name"] = "Animation1", ["Time"] = 1.02499938}}, ["DummyCFrame"] = CFrame.new(76.5792923, 439.51452637, -43.03971863, -0.80605173, 0, -0.59184504, 0, 1, 0, 0.59184504, 0, -0.80605173), ["Time"] = 0.43667388, ["DummyAnims"] = {}, ["PlayerCFrame"] = CFrame.new(80.52057648, 439.51193237, -46.61541748, -0.71664697, -1e-08, 0.69743609, 6e-08, 1, 7e-08, -0.69743609, 9e-08, -0.71664697)}, {["PlayerAnims"] = {{["Id"] = "rbxassetid://14516273501", ["Name"] = "Animation1", ["Time"] = 1.0291661}}, ["DummyCFrame"] = CFrame.new(76.5792923, 439.51452637, -43.03971863, -0.80605173, 0, -0.59184504, 0, 1, 0, 0.59184504, 0, -0.80605173), ["Time"] = 0.4414196, ["DummyAnims"] = {}, ["PlayerCFrame"] = CFrame.new(80.52057648, 439.51193237, -46.61541748, -0.71664697, -1e-08, 0.69743609, 5e-08, 1, 6e-08, -0.69743609, 8e-08, -0.71664697)}, {["PlayerAnims"] = {{["Id"] = "rbxassetid://14516273501", ["Name"] = "Animation1", ["Time"] = 1.03333282}, {["Id"] = "rbxassetid://10469493270", ["Name"] = "Animation", ["Time"] = 0.005}}, ["DummyCFrame"] = CFrame.new(76.5792923, 439.51452637, -43.03971863, -0.80605173, 0, -0.59184504, 0, 1, 0, 0.59184504, 0, -0.80605173), ["Time"] = 0.4468205, ["DummyAnims"] = {}, ["PlayerCFrame"] = CFrame.new(80.52057648, 439.51193237, -46.61541748, -0.71664697, -0.0, 0.69743609, 5e-08, 1, 5e-08, -0.69743609, 7e-08, -0.71664697)}, {["PlayerAnims"] = {{["Id"] = "rbxassetid://14516273501", ["Name"] = "Animation1", ["Time"] = 1.03749955}, {["Id"] = "rbxassetid://10469493270", ["Name"] = "Animation", ["Time"] = 0.01}}, ["DummyCFrame"] = CFrame.new(76.5792923, 439.51452637, -43.03971863, -0.80605173, 0, -0.59184504, 0, 1, 0, 0.59184504, 0, -0.80605173), ["Time"] = 0.45113587, ["DummyAnims"] = {}, ["PlayerCFrame"] = CFrame.new(80.52057648, 439.51193237, -46.61541748, -0.71603197, -0.0, 0.69806755, 4e-08, 1, 5e-08, -0.69806755, 6e-08, -0.71603197)}, {["PlayerAnims"] = {{["Id"] = "rbxassetid://14516273501", ["Name"] = "Animation1", ["Time"] = 1.04166627}, {["Id"] = "rbxassetid://10469493270", ["Name"] = "Animation", ["Time"] = 0.015}}, ["DummyCFrame"] = CFrame.new(76.5792923, 439.51452637, -43.03971863, -0.80605173, 0, -0.59184504, 0, 1, 0, 0.59184504, 0, -0.80605173), ["Time"] = 0.45527411, ["DummyAnims"] = {}, ["PlayerCFrame"] = CFrame.new(80.52057648, 439.51193237, -46.61541748, -0.71603197, -0.0, 0.69806755, 3e-08, 1, 4e-08, -0.69806755, 5e-08, -0.71603197)}, {["PlayerAnims"] = {{["Id"] = "rbxassetid://14516273501", ["Name"] = "Animation1", ["Time"] = 1.04583299}, {["Id"] = "rbxassetid://10469493270", ["Name"] = "Animation", ["Time"] = 0.02}}, ["DummyCFrame"] = CFrame.new(76.5792923, 439.51452637, -43.03971863, -0.80605173, 0, -0.59184504, 0, 1, 0, 0.59184504, 0, -0.80605173), ["Time"] = 0.4594481, ["DummyAnims"] = {}, ["PlayerCFrame"] = CFrame.new(80.52057648, 439.51193237, -46.61541748, -0.71603197, -0.0, 0.69806755, 3e-08, 1, 3e-08, -0.69806755, 4e-08, -0.71603197)}, {["PlayerAnims"] = {{["Id"] = "rbxassetid://14516273501", ["Name"] = "Animation1", ["Time"] = 1.04999971}, {["Id"] = "rbxassetid://10469493270", ["Name"] = "Animation", ["Time"] = 0.025}}, ["DummyCFrame"] = CFrame.new(76.5792923, 439.51452637, -43.03971863, -0.80605173, 0, -0.59184504, 0, 1, 0, 0.59184504, 0, -0.80605173), ["Time"] = 0.4631362, ["DummyAnims"] = {}, ["PlayerCFrame"] = CFrame.new(80.52057648, 439.51193237, -46.61541748, -0.71603197, -0.0, 0.69806755, 2e-08, 1, 3e-08, -0.69806755, 4e-08, -0.71603197)}, {["PlayerAnims"] = {{["Id"] = "rbxassetid://14516273501", ["Name"] = "Animation1", ["Time"] = 1.05416644}, {["Id"] = "rbxassetid://10469493270", ["Name"] = "Animation", ["Time"] = 0.03}}, ["DummyCFrame"] = CFrame.new(76.5792923, 439.51452637, -43.03971863, -0.80605173, 0, -0.59184504, 0, 1, 0, 0.59184504, 0, -0.80605173), ["Time"] = 0.46795607, ["DummyAnims"] = {}, ["PlayerCFrame"] = CFrame.new(80.52057648, 439.51193237, -46.61541748, -0.71480024, -0.0, 0.69932872, 2e-08, 1, 2e-08, -0.69932872, 3e-08, -0.71480024)}, {["PlayerAnims"] = {{["Id"] = "rbxassetid://14516273501", ["Name"] = "Animation1", ["Time"] = 1.05833316}, {["Id"] = "rbxassetid://10469493270", ["Name"] = "Animation", ["Time"] = 0.035}}, ["DummyCFrame"] = CFrame.new(76.5792923, 439.51452637, -43.03971863, -0.80605173, 0, -0.59184504, 0, 1, 0, 0.59184504, 0, -0.80605173), ["Time"] = 0.47239733, ["DummyAnims"] = {}, ["PlayerCFrame"] = CFrame.new(80.52057648, 439.51193237, -46.61541748, -0.71480024, -0.0, 0.69932872, 1e-08, 1, 1e-08, -0.69932872, 2e-08, -0.71480024)}, {["PlayerAnims"] = {{["Id"] = "rbxassetid://14516273501", ["Name"] = "Animation1", ["Time"] = 1.06666648}, {["Id"] = "rbxassetid://10469493270", ["Name"] = "Animation", ["Time"] = 0.04500001}}, ["DummyCFrame"] = CFrame.new(76.5792923, 439.51452637, -43.03971863, -0.80605173, 0, -0.59184504, 0, 1, 0, 0.59184504, 0, -0.80605173), ["Time"] = 0.47705364, ["DummyAnims"] = {}, ["PlayerCFrame"] = CFrame.new(80.52057648, 439.51193237, -46.61541748, -0.71418369, 0.0, 0.69995832, 0.0, 1, -0.0, -0.69995832, 0.0, -0.71418369)}, {["PlayerAnims"] = {{["Id"] = "rbxassetid://14516273501", ["Name"] = "Animation1", ["Time"] = 1.07083321}, {["Id"] = "rbxassetid://10469493270", ["Name"] = "Animation", ["Time"] = 0.05}}, ["DummyCFrame"] = CFrame.new(76.5792923, 439.51452637, -43.03971863, -0.80605173, 0, -0.59184504, 0, 1, 0, 0.59184504, 0, -0.80605173), ["Time"] = 0.48216081, ["DummyAnims"] = {}, ["PlayerCFrame"] = CFrame.new(80.52057648, 439.51193237, -46.61541748, -0.7129488, 0.0, 0.7012161, -0.0, 1, -1e-08, -0.7012161, -1e-08, -0.7129488)}, {["PlayerAnims"] = {{["Id"] = "rbxassetid://14516273501", ["Name"] = "Animation1", ["Time"] = 1.07499993}, {["Id"] = "rbxassetid://10469493270", ["Name"] = "Animation", ["Time"] = 0.055}}, ["DummyCFrame"] = CFrame.new(76.5792923, 439.51452637, -43.03971863, -0.80605173, 0, -0.5918