return {["StartTime"] = 1759538885.6933799, ["Frames"] = {{["PlayerAnims"] = {{["Id"] = "rbxassetid://7815618175", ["Name"] = "Animation", ["Time"] = 0.37916556}, {["Id"] = "rbxassetid://7807831448", ["Name"] = "WalkAnim", ["Time"] = 0.66638517}}, ["DummyCFrame"] = CFrame.new(156.36956787, 440.75671387, 24.72694016, -0.72026312, 0, 0.69370151, 0, 1, 0, -0.69370151, 0, -0.72026312), ["Time"] = 0.0245676, ["DummyAnims"] = {}, ["PlayerCFrame"] = CFrame.new(162.39888, 440.75384521, 34.2857666, 0.97342163, -9e-08, -0.22902046, 8e-08, 1, -1e-08, 0.22902046, -1e-08, 0.97342163)}, {["PlayerAnims"] = {{["Id"] = "rbxassetid://7815618175", ["Name"] = "Animation", ["Time"] = 0.38749889}, {["Id"] = "rbxassetid://7807831448", ["Name"] = "WalkAnim", ["Time"] = 0.01343995}}, ["DummyCFrame"] = CFrame.new(156.36956787, 440.75671387, 24.72694016, -0.72026312, 0, 0.69370151, 0, 1, 0, -0.69370151, 0, -0.72026312), ["Time"] = 0.03188944, ["DummyAnims"] = {}, ["PlayerCFrame"] = CFrame.new(162.45074463, 440.7539978, 34.08412552, 0.97730559, -8e-08, -0.21183428, 8e-08, 1, -1e-08, 0.21183428, -0.0, 0.97730559)}, {["PlayerAnims"] = {{["Id"] = "rbxassetid://7815618175", ["Name"] = "Animation", ["Time"] = 0.39583221}, {["Id"] = "rbxassetid://7807831448", ["Name"] = "WalkAnim", ["Time"] = 0.0271614}}, ["DummyCFrame"] = CFrame.new(156.36956787, 440.75671387, 24.72694016, -0.72026312, 0, 0.69370151, 0, 1, 0, -0.69370151, 0, -0.72026312), ["Time"] = 0.04232621, ["DummyAnims"] = {}, ["PlayerCFrame"] = CFrame.new(162.49638367, 440.75411987, 33.88089371, 0.98613137, -8e-08, -0.16596647, 7e-08, 1, -1e-08, 0.16596647, 0.0, 0.98613137)}, {["PlayerAnims"] = {{["Id"] = "rbxassetid://7815618175", ["Name"] = "Animation", ["Time"] = 0.4083322}, {["Id"] = "rbxassetid://7807831448", ["Name"] = "WalkAnim", ["Time"] = 0.04774356}}, ["DummyCFrame"] = CFrame.new(156.36956787, 440.75671387, 24.72694016, -0.72026312, 0, 0.69370151, 0, 1, 0, -0.69370151, 0, -0.72026312), ["Time"] = 0.05396938, ["DummyAnims"] = {}, ["PlayerCFrame"] = CFrame.new(162.5512085, 440.75424194, 33.57330704, 0.99352551, -7e-08, -0.11360914, 7e-08, 1, -1e-08, 0.11360914, 1e-08, 0.99352551)}, {["PlayerAnims"] = {{["Id"] = "rbxassetid://7815618175", ["Name"] = "Animation", ["Time"] = 0.41666552}, {["Id"] = "rbxassetid://7807831448", ["Name"] = "WalkAnim", ["Time"] = 0.061465}}, ["DummyCFrame"] = CFrame.new(156.36956787, 440.75671387, 24.72694016, -0.72026312, 0, 0.69370151, 0, 1, 0, -0.69370151, 0, -0.72026312), ["Time"] = 0.06085467, ["DummyAnims"] = {}, ["PlayerCFrame"] = CFrame.new(162.57781982, 440.75430298, 33.36674881, 0.9980877, -6e-08, -0.06181348, 6e-08, 1, -1e-08, 0.06181348, 1e-08, 0.9980877)}, {["PlayerAnims"] = {{["Id"] = "rbxassetid://7815618175", ["Name"] = "Animation", ["Time"] = 0.42083219}, {["Id"] = "rbxassetid://7807831448", ["Name"] = "WalkAnim", ["Time"] = 0.06832572}}, ["DummyCFrame"] = CFrame.new(156.36956787, 440.75671387, 24.72694016, -0.72026312, 0, 0.69370151, 0, 1, 0, -0.69370151, 0, -0.72026312), ["Time"] = 0.06767011, ["DummyAnims"] = {}, ["PlayerCFrame"] = CFrame.new(162.58657837, 440.7543335, 33.2630043, 0.99943393, -6e-08, -0.03364184, 6e-08, 1, -1e-08, 0.03364184, 1e-08, 0.99943393)}, {["PlayerAnims"] = {{["Id"] = "rbxassetid://7815618175", ["Name"] = "Animation", ["Time"] = 0.42499885}, {["Id"] = "rbxassetid://7807831448", ["Name"] = "WalkAnim", ["Time"] = 0.07518644}}, ["DummyCFrame"] = CFrame.new(156.36956787, 440.75671387, 24.72694016, -0.72026312, 0, 0.69370151, 0, 1, 0, -0.69370151, 0, -0.72026312), ["Time"] = 0.07435751, ["DummyAnims"] = {}, ["PlayerCFrame"] = CFrame.new(162.59205627, 440.75436401, 33.15903091, 0.99932063, -6e-08, 0.03685528, 6e-08, 1, -1e-08, -0.03685528, 2e-08, 0.99932063)}, {["PlayerAnims"] = {{["Id"] = "rbxassetid://7815618175", ["Name"] = "Animation", ["Time"] = 0.43333218}, {["Id"] = "rbxassetid://7807831448", ["Name"] = "WalkAnim", ["Time"] = 0.08890788}}, ["DummyCFrame"] = CFrame.new(156.36956787, 440.75671387, 24.72694016, -0.72026312, 0, 0.69370151, 0, 1, 0, -0.69370151, 0, -0.72026312), ["Time"] = 0.08046389, ["DummyAnims"] = {}, ["PlayerCFrame"] = CFrame.new(162.58917236, 440.75439453, 32.95090103, 0.9978261, -5e-08, 0.0659018, 5e-08, 1, -2e-08, -0.0659018, 2e-08, 0.9978261)}, {["PlayerAnims"] = {{["Id"] = "rbxassetid://7815618175", ["Name"] = "Animation", ["Time"] = 0.43749884}, {["Id"] = "rbxassetid://7807831448", ["Name"] = "WalkAnim", ["Time"] = 0.0957686}}, ["DummyCFrame"] = CFrame.new(156.36956787, 440.75671387, 24.72694016, -0.72026312, 0, 0.69370151, 0, 1, 0, -0.69370151, 0, -0.72026312), ["Time"] = 0.08693147, ["DummyAnims"] = {}, ["PlayerCFrame"] = CFrame.new(162.5839386, 440.75439453, 32.84690857, 0.99405032, -5e-08, 0.10892171, 5e-08, 1, -2e-08, -0.10892171, 2e-08, 0.99405032)}, {["PlayerAnims"] = {{["Id"] = "rbxassetid://7815618175", ["Name"] = "Animation", ["Time"] = 0.44583216}, {["Id"] = "rbxassetid://7807831448", ["Name"] = "WalkAnim", ["Time"] = 0.10949004}}, ["DummyCFrame"] = CFrame.new(156.36956787, 440.75671387, 24.72694016, -0.72026312, 0, 0.69370151, 0, 1, 0, -0.69370151, 0, -0.72026312), ["Time"] = 0.09341955, ["DummyAnims"] = {}, ["PlayerCFrame"] = CFrame.new(162.56440735, 440.75439453, 32.63958359, 0.98855418, -4e-08, 0.15086612, 5e-08, 1, -2e-08, -0.15086612, 2e-08, 0.98855418)}, {["PlayerAnims"] = {{["Id"] = "rbxassetid://7815618175", ["Name"] = "Animation", ["Time"] = 0.45416549}, {["Id"] = "rbxassetid://7807831448", ["Name"] = "WalkAnim", ["Time"] = 0.12321149}}, ["DummyCFrame"] = CFrame.new(156.36956787, 440.75671387, 24.72694016, -0.72026312, 0, 0.69370151, 0, 1, 0, -0.69370151, 0, -0.72026312), ["Time"] = 0.10137987, ["DummyAnims"] = {}, ["PlayerCFrame"] = CFrame.new(162.53567505, 440.75439453, 32.43330383, 0.97409201, -4e-08, 0.22615218, 4e-08, 1, -2e-08, -0.22615218, 3e-08, 0.97409201)}, {["PlayerAnims"] = {{["Id"] = "rbxassetid://7815618175", ["Name"] = "Animation", ["Time"] = 0.45833215}, {["Id"] = "rbxassetid://7807831448", ["Name"] = "WalkAnim", ["Time"] = 0.13007221}}, ["DummyCFrame"] = CFrame.new(156.36956787, 440.75671387, 24.72694016, -0.72026312, 0, 0.69370151, 0, 1, 0, -0.69370151, 0, -0.72026312), ["Time"] = 0.10657763, ["DummyAnims"] = {}, ["PlayerCFrame"] = CFrame.new(162.51533508, 440.75439453, 32.33123779, 0.96528512, -3e-08, 0.26119843, 4e-08, 1, -2e-08, -0.26119843, 3e-08, 0.96528512)}, {["PlayerAnims"] = {{["Id"] = "rbxassetid://7815618175", ["Name"] = "Animation", ["Time"] = 0.46666548}, {["Id"] = "rbxassetid://7807831448", ["Name"] = "WalkAnim", ["Time"] = 0.14379364}}, ["DummyCFrame"] = CFrame.new(156.36956787, 440.75671387, 24.72694016, -0.72026312, 0, 0.69370151, 0, 1, 0, -0.69370151, 0, -0.72026312), ["Time"] = 0.11311698, ["DummyAnims"] = {}, ["PlayerCFrame"] = CFrame.new(162.46446228, 440.75439453, 32.12935257, 0.96222907, -3e-08, 0.272241, 4e-08, 1, -2e-08, -0.272241, 3e-08, 0.96222907)}, {["PlayerAnims"] = {{["Id"] = "rbxassetid://7815618175", ["Name"] = "Animation", ["Time"] = 0.47083214}, {["Id"] = "rbxassetid://7807831448", ["Name"] = "WalkAnim", ["Time"] = 0.15065436}}, ["DummyCFrame"] = CFrame.new(156.36956787, 440.75671387, 24.72694016, -0.72026312, 0, 0.69370151, 0, 1, 0, -0.69370151, 0, -0.72026312), ["Time"] = 0.11889791, ["DummyAnims"] = {}, ["PlayerCFrame"] = CFrame.new(162.43690491, 440.75439453, 32.02891922, 0.95176512, -2e-08, 0.30682755, 3e-08, 1, -2e-08, -0.30682755, 3e-08, 0.95176512)}, {["PlayerAnims"] = {{["Id"] = "rbxassetid://7815618175", ["Name"] = "Animation", ["Time"] = 0.47916546}, {["Id"] = "rbxassetid://7807831448", ["Name"] = "WalkAnim", ["Time"] = 0.1643758}}, ["DummyCFrame"] = CFrame.new(156.36956787, 440.75671387, 24.72694016, -0.72026312, 0, 0.69370151, 0, 1, 0, -0.69370151, 0, -0.72026312), ["Time"] = 0.12547207, ["DummyAnims"] = {}, ["PlayerCFrame"] = CFrame.new(162.37524414, 440.75439453, 31.82996941, 0.92941839, -2e-08, 0.3690277, 3e-08, 1, -3e-08, -0.3690277, 4e-08, 0.92941839)}, {["PlayerAnims"] = {{["Id"] = "rbxassetid://7815618175", ["Name"] = "Animation", ["Time"] = 0.48333213}, {["Id"] = "rbxassetid://7807831448", ["Name"] = "WalkAnim", ["Time"] = 0.17123652}}, ["DummyCFrame"] = CFrame.new(156.36956787, 440.75671387, 24.72694016, -0.72026312, 0, 0.69370151, 0, 1, 0, -0.69370151, 0, -0.72026312), ["Time"] = 0.13042402, ["DummyAnims"] = {}, ["PlayerCFrame"] = CFrame.new(162.33946228, 440.75439453, 31.73221397, 0.91297907, -1e-08, 0.40800646, 3e-08, 1, -3e-08, -0.40800646, 4e-08, 0.91297907)}, {["PlayerAnims"] = {{["Id"] = "rbxassetid://7815618175", ["Name"] = "Animation", ["Time"] = 0.48749879}, {["Id"] = "rbxassetid://7807831448", ["Name"] = "WalkAnim", ["Time"] = 0.17809723}}, ["DummyCFrame"] = CFrame.new(156.36956787, 440.75671387, 24.72694016, -0.72026312, 0, 0.69370151, 0, 1, 0, -0.69370151, 0, -0.72026312), ["Time"] = 0.13521576, ["DummyAnims"] = {}, ["PlayerCFrame"] = CFrame.new(162.29948425, 440.75439453, 31.63611794, 0.90072691, -1e-08, 0.43438584, 3e-08, 1, -3e-08, -0.43438584, 4e-08, 0.90072691)}, {["PlayerAnims"] = {{["Id"] = "rbxassetid://7815618175", ["Name"] = "Animation", ["Time"] = 0.49166545}, {["Id"] = "rbxassetid://7807831448", ["Name"] = "WalkAnim", ["Time"] = 0.18495795}}, ["DummyCFrame"] = CFrame.new(156.36956787, 440.75671387, 24.72694016, -0.72026312, 0, 0.69370151, 0, 1, 0, -0.69370151, 0, -0.72026312), ["Time"] = 0.1406498, ["DummyAnims"] = {}, ["PlayerCFrame"] = CFrame.new(162.25621033, 440.75439453, 31.54144096, 0.88029742, -1e-08, 0.47442222, 2e-08, 1, -3e-08, -0.47442222, 4e-08, 0.88029742)}, {["PlayerAnims"] = {{["Id"] = "rbxassetid://7815618175", ["Name"] = "Animation", ["Time"] = 0.49583212}, {["Id"] = "rbxassetid://7807831448", ["Name"] = "WalkAnim", ["Time"] = 0.19181867}}, ["DummyCFrame"] = CFrame.new(156.36956787, 440.75671387, 24.72694016, -0.72026312, 0, 0.69370151, 0, 1, 0, -0.69370151, 0, -0.72026312), ["Time"] = 0.14548254, ["DummyAnims"] = {}, ["PlayerCFrame"] = CFrame.new(162.20909119, 440.75439453, 31.44862556, 0.85854197, -0.0, 0.51274335, 2e-08, 1, -3e-08, -0.51274335, 4e-08, 0.85854197)}, {["PlayerAnims"] = {{["Id"] = "rbxassetid://7815618175", ["Name"] = "Animation", ["Time"] = 0.50416547}, {["Id"] = "rbxassetid://7807831448", ["Name"] = "WalkAnim", ["Time"] = 0.20554011}}, ["DummyCFrame"] = CFrame.new(156.36956787, 440.75671387, 24.72694016, -0.72026312, 0, 0.69370151, 0, 1, 0, -0.69370151, 0, -0.72026312), ["Time"] = 0.15047979, ["DummyAnims"] = {}, ["PlayerCFrame"] = CFrame.new(162.10551453, 440.75439453, 31.26801872, 0.84279329, 0.0, 0.53823733, 2e-08, 1, -4e-08, -0.53823733, 4e-08, 0.84279329)}, {["PlayerAnims"] = {{["Id"] = "rbxassetid://7815618175", ["Name"] = "Animation", ["Time"] = 0.50833213}, {["Id"] = "rbxassetid://7807831448", ["Name"] = "WalkAnim", ["Time"] = 0.21240082}}, ["DummyCFrame"] = CFrame.new(156.36956787, 440.75671387, 24.72694016, -0.72026312, 0, 0.69370151, 0, 1, 0, -0.69370151, 0, -0.72026312), ["Time"] = 0.15803981, ["DummyAnims"] = {}, ["PlayerCFrame"] = CFrame.new(162.05078125, 440.75439453, 31.17943382, 0.83463448, 1e-08, 0.5508042, 2e-08, 1, -4e-08, -0.5508042, 4e-08, 0.83463448)}, {["PlayerAnims"] = {{["Id"] = "rbxassetid://7815618175", ["Name"] = "Animation", ["Time"] = 0.51666546}, {["Id"] = "rbxassetid://7807831448", ["Name"] = "WalkAnim", ["Time"] = 0.22612226}}, ["DummyCFrame"] = CFrame.new(156.36956787, 440.75671387, 24.72694016, -0.72026312, 0, 0.69370151, 0, 1, 0, -0.69370151, 0, -0.72026312), ["Time"] = 0.16509962, ["DummyAnims"] = {}, ["PlayerCFrame"] = CFrame.new(161.93739319, 440.75439453, 31.00470543, 0.78291023, 2e-08, 0.62213469, 1e-08, 1, -4e-08, -0.62213469, 4e-08, 0.78291023)}, {["PlayerAnims"] = {{["Id"] = "rbxassetid://7815618175", ["Name"] = "Animation", ["Time"] = 0.52499878}, {["Id"] = "rbxassetid://7807831448", ["Name"] = "WalkAnim", ["Time"] = 0.2398437}}, ["DummyCFrame"] = CFrame.new(156.36956787, 440.75671387, 24.72694016, -0.72026312, 0, 0.69370151, 0, 1, 0, -0.69370151, 0, -0.72026312), ["Time"] = 0.17232013, ["DummyAnims"] = {}, ["PlayerCFrame"] = CFrame.new(161.81181335, 440.75439453, 30.83870125, 0.75474155, 2e-08, 0.65602225, 1e-08, 1, -5e-08, -0.65602225, 4e-08, 0.75474155)}, {["PlayerAnims"] = {{["Id"] = "rbxassetid://7815618175", ["Name"] = "Animation", ["Time"] = 0.52916545}, {["Id"] = "rbxassetid://7807831448", ["Name"] = "WalkAnim", ["Time"] = 0.24670441}}, ["DummyCFrame"] = CFrame.new(156.36956787, 440.75671387, 24.72694016, -0.72026312, 0, 0.69370151, 0, 1, 0, -0.69370151, 0, -0.72026312), ["Time"] = 0.17787576, ["DummyAnims"] = {}, ["PlayerCFrame"] = CFrame.new(161.74520874, 440.75439453, 30.75868607, 0.71285617, 3e-08, 0.70131022, 1e-08, 1, -5e-08, -0.70131022, 4e-08, 0.71285617)}, {["PlayerAnims"] = {{["Id"] = "rbxassetid://7815618175", ["Name"] = "Animation", ["Time"] = 0.53749877}, {["Id"] = "rbxassetid://7807831448", ["Name"] = "WalkAnim", ["Time"] = 0.26042587}}, ["DummyCFrame"] = CFrame.new(156.36956787, 440.75671387, 24.72694016, -0.72026312, 0, 0.69370151, 0, 1, 0, -0.69370151, 0, -0.72026312), ["Time"] = 0.18412185, ["DummyAnims"] = {}, ["PlayerCFrame"] = CFrame.new(161.60243225, 440.75439453, 30.60720444, 0.6915229, 3e-08, 0.72235459, 1e-08, 1, -5e-08, -0.72235459, 4e-08, 0.6915229)}, {["PlayerAnims"] = {{["Id"] = "rbxassetid://7815618175", ["Name"] = "Animation", ["Time"] = 0.54166543}, {["Id"] = "rbxassetid://7807831448", ["Name"] = "WalkAnim", ["Time"] = 0.2672866}}, ["DummyCFrame"] = CFrame.new(156.36956787, 440.75671387, 24.72694016, -0.72026312, 0, 0.69370151, 0, 1, 0, -0.69370151, 0, -0.72026312), ["Time"] = 0.19177365, ["DummyAnims"] = {}, ["PlayerCFrame"] = CFrame.new(161.52835083, 440.75439453, 30.53403282, 0.64835632, 4e-08, 0.76133704, 1e-08, 1, -5e-08, -0.76133704, 4e-08, 0.64835632)}, {["PlayerAnims"] = {{["Id"] = "rbxassetid://7815618175", ["Name"] = "Animation", ["Time"] = 0.54999876}, {["Id"] = "rbxassetid://7807831448", ["Name"] = "WalkAnim", ["Time"] = 0.28100803}}, ["DummyCFrame"] = CFrame.new(156.36956787, 440.75671387, 24.72694016, -0.72026312, 0, 0.69370151, 0, 1, 0, -0.69370151, 0, -0.72026312), ["Time"] = 0.19622397, ["DummyAnims"] = {}, ["PlayerCFrame"] = CFrame.new(161.37243652, 440.75439453, 30.39605331, 0.6169644, 4e-08, 0.78699106, 0.0, 1, -6e-08, -0.78699106, 4e-08, 0.6169644)}, {["PlayerAnims"] = {{["Id"] = "rbxassetid://7815618175", ["Name"] = "Animation", ["Time"] = 0.55416542}, {["Id"] = "rbxassetid://7807831448", ["Name"] = "WalkAnim", ["Time"] = 0.28786877}}, ["DummyCFrame"] = CFrame.new(156.36956787, 440.75671387, 24.72694016, -0.72026312, 0, 0.69370151, 0, 1, 0, -0.69370151, 0, -0.72026312), ["Time"] = 0.2019062, ["DummyAnims"] = {}, ["PlayerCFrame"] = CFrame.new(161.29173279, 440.75439453, 30.33026314, 0.58670187, 5e-08, 0.80980301, 0.0, 1, -6e-08, -0.80980301, 4e-08, 0.58670187)}, {["PlayerAnims"] = {{["Id"] = "rbxassetid://7815618175", ["Name"] = "Animation", ["Time"] = 0.55833209}, {["Id"] = "rbxassetid://7807831448", ["Name"] = "WalkAnim", ["Time"] = 0.2947295}}, ["DummyCFrame"] = CFrame.new(156.36956787, 440.75671387, 24.72694016, -0.72026312, 0, 0.69370151, 0, 1, 0, -0.69370151, 0, -0.72026312), ["Time"] = 0.20717549, ["DummyAnims"] = {}, ["PlayerCFrame"] = CFrame.new(161.20875549, 440.75439453, 30.26739502, 0.56144512, 5e-08, 0.82751399, 0.0, 1, -6e-08, -0.82751399, 4e-08, 0.56144512)}, {["PlayerAnims"] = {{["Id"] = "rbxassetid://7815618175", ["Name"] = "Animation", ["Time"] = 0.56666541}, {["Id"] = "rbxassetid://7807831448", ["Name"] = "WalkAnim", ["Time"] = 0.30845094}}, ["DummyCFrame"] = CFrame.new(156.36956787, 440.75671387, 24.72694016, -0.72026312, 0, 0.69370151, 0, 1, 0, -0.69370151, 0, -0.72026312), ["Time"] = 0.21295166, ["DummyAnims"] = {}, ["PlayerCFrame"] = CFrame.new(161.03800964, 440.75439453, 30.14816666, 0.54750913, 6e-08, 0.83679974, -0.0, 1, -7e-08, -0.83679974, 4e-08, 0.54750913)}, {["PlayerAnims"] = {{["Id"] = "rbxassetid://7815618175", ["Name"] = "Animation", ["Time"] = 0.57083207}, {["Id"] = "rbxassetid://7807831448", ["Name"] = "WalkAnim", ["Time"] = 0.31531167}}, ["DummyCFrame"] = CFrame.new(156.36956787, 440.75671387, 24.72694016, -0.72026312, 0, 0.69370151, 0, 1, 0, -0.69370151, 0, -0.72026312), ["Time"] = 0.2187674, ["DummyAnims"] = {}, ["PlayerCFrame"] = CFrame.new(160.95137024, 440.75439453, 30.09035873, 0.5326739, 6e-08, 0.84632057, -0.0, 1, -7e-08, -0.84632057, 3e-08, 0.5326739)}, {["PlayerAnims"] = {{["Id"] = "rbxassetid://7815618175", ["Name"] = "Animation", ["Time"] = 0.57499874}, {["Id"] = "rbxassetid://7807831448", ["Name"] = "WalkAnim", ["Time"] = 0.3221724}}, ["DummyCFrame"] = CFrame.new(156.36956787, 440.75671387, 24.72694016, -0.72026312, 0, 0.69370151, 0, 1, 0, -0.69370151, 0, -0.72026312), ["Time"] = 0.22390723, ["DummyAnims"] = {}, ["PlayerCFrame"] = CFrame.new(160.86378479, 440.75439453, 30.0340023, 0.52669322, 6e-08, 0.85005546, -0.0, 1, -7e-08, -0.85005546, 3e-08, 0.52669322)}, {["PlayerAnims"] = {{["Id"] = "rbxassetid://7815618175", ["Name"] = "Animation", ["Time"] = 0.5791654}, {["Id"] = "rbxassetid://7807831448", ["Name"] = "WalkAnim", ["Time"] = 0.32903314}}, ["DummyCFrame"] = CFrame.new(156.36956787, 440.75671387, 24.72694016, -0.72026312, 0, 0.69370151, 0, 1, 0, -0.69370151, 0, -0.72026312), ["Time"] = 0.23053646, ["DummyAnims"] = {}, ["PlayerCFrame"] = CFrame.new(160.77560425, 440.75439453, 29.97857857, 0.52519363, 6e-08, 0.85098279, -0.0, 1, -7e-08, -0.85098279, 4e-08, 0.52519363)}, {["PlayerAnims"] = {{["Id"] = "rbxassetid://7815618175", ["Name"] = "Animation", ["Time"] = 0.58749872}, {["Id"] = "rbxassetid://7807831448", ["Name"] = "WalkAnim", ["Time"] = 0.34275457}}, ["DummyCFrame"] = CFrame.new(156.36956787, 440.75671387, 24.72694016, -0.72026312, 0, 0.69370151, 0, 1, 0, -0.69370151, 0, -0.72026312), ["Time"] = 0.23448014, ["DummyAnims"] = {}, ["PlayerCFrame"] = CFrame.new(160.59855652, 440.75439453, 29.86879539, 0.52444339, 7e-08, 0.85144532, -1e-08, 1, -8e-08, -0.85144532, 4e-08, 0.52444339)}, {["PlayerAnims"] = {{["Id"] = "rbxassetid://7815618175", ["Name"] = "Animation", ["Time"] = 0.59166539}, {["Id"] = "rbxassetid://7807831448", ["Name"] = "WalkAnim", ["Time"] = 0.34961531}}, ["DummyCFrame"] = CFrame.new(156.36956787, 440.75671387, 24.72694016, -0.72026312, 0, 0.69370151, 0, 1, 0, -0.69370151, 0, -0.72026312), ["Time"] = 0.23881745, ["DummyAnims"] = {}, ["PlayerCFrame"] = CFrame.new(160.50990295, 440.75439453, 29.81409836, 0.52444339, 7e-08, 0.85144532, -1e-08, 1, -8e-08, -0.85144532, 4e-08, 0.52444339)}, {["PlayerAnims"] = {{["Id"] = "rbxassetid://7815618175", ["Name"] = "Animation", ["Time"] = 0.59583205}, {["Id"] = "rbxassetid://7807831448", ["Name"] = "WalkAnim", ["Time"] = 0.35647604}}, ["DummyCFrame"] = CFrame.new(156.36956787, 440.75671387, 24.72694016, -0.72026312, 0, 0.69370151, 0, 1, 0, -0.69370151, 0, -0.72026312), ["Time"] = 0.24328446, ["DummyAnims"] = {}, ["PlayerCFrame"] = CFrame.new(160.42123413, 440.75439453, 29.75944328, 0.52444327, 7e-08, 0.85144538, -1e-08, 1, -8e-08, -0.85144538, 4e-08, 0.52444327)}, {["PlayerAnims"] = {{["Id"] = "rbxassetid://7815618175", ["Name"] = "Animation", ["Time"] = 0.59999871}, {["Id"] = "rbxassetid://7807831448", ["Name"] = "WalkAnim", ["Time"] = 0.36333677}}, ["DummyCFrame"] = CFrame.new(156.36956787, 440.75671387, 24.72694016, -0.72026312, 0, 0.69370151, 0, 1, 0, -0.69370151, 0, -0.72026312), ["Time"] = 0.24842072, ["DummyAnims"] = {}, ["PlayerCFrame"] = CFrame.new(160.33255005, 440.75439453, 29.70480347, 0.52444309, 8e-08, 0.8514455, -1e-08, 1, -8e-08, -0.8514455, 4e-08, 0.52444309)}, {["PlayerAnims"] = {{["Id"] = "rbxassetid://7815618175", ["Name"] = "Animation", ["Time"] = 0.60833204}, {["Id"] = "rbxassetid://7807831448", ["Name"] = "WalkAnim", ["Time"] = 0.37705821}}, ["DummyCFrame"] = CFrame.new(156.36956787, 440.75671387, 24.72694016, -0.72026312, 0, 0.69370151, 0, 1, 0, -0.69370151, 0, -0.72026312), ["Time"] = 0.25435805, ["DummyAnims"] = {}, ["PlayerCFrame"] = CFrame.new(160.15518188, 440.75439453, 29.595541, 0.52444309, 8e-08, 0.8514455, -1e-08, 1, -9e-08, -0.8514455, 4e-08, 0.52444309)}, {["PlayerAnims"] = {{["Id"] = "rbxassetid://7815618175", ["Name"] = "Animation", ["Time"] = 0.6124987}, {["Id"] = "rbxassetid://7807831448", ["Name"] = "WalkAnim", ["Time"] = 0.38391894}}, ["DummyCFrame"] = CFrame.new(156.36956787, 440.75671387, 24.72694016, -0.72026312, 0, 0.69370151, 0, 1, 0, -0.69370151, 0, -0.72026312), ["Time"] = 0.25965381, ["DummyAnims"] = {}, ["PlayerCFrame"] = CFrame.new(160.06648254, 440.75439453, 29.54091072, 0.52444297, 8e-08, 0.85144556, -1e-08, 1, -9e-08, -0.85144556, 4e-08, 0.52444297)}, {["PlayerAnims"] = {{["Id"] = "rbxassetid://7815618175", ["Name"] = "Animation", ["Time"] = 0.61666536}, {["Id"] = "rbxassetid://7807831448", ["Name"] = "WalkAnim", ["Time"] = 0.39077967}}, ["DummyCFrame"] = CFrame.new(156.36956787, 440.75671387, 24.72694016, -0.72026312, 0, 0.69370151, 0, 1, 0, -0.69370151, 0, -0.72026312), ["Time"] = 0.26409888, ["DummyAnims"] = {}, ["PlayerCFrame"] = CFrame.new(159.9777832, 440.75439453, 29.48628044, 0.52444297, 9e-08, 0.85144556, -1e-08, 1, -9e-08, -0.85144556, 4e-08, 0.52444297)}, {["PlayerAnims"] = {{["Id"] = "rbxassetid://7815618175", ["Name"] = "Animation", ["Time"] = 0.00416535}, {["Id"] = "rbxassetid://7807831448", ["Name"] = "WalkAnim", ["Time"] = 0.39764041}}, ["DummyCFrame"] = CFrame.new(156.36956787, 440.75671387, 24.72694016, -0.72026312, 0, 0.69370151, 0, 1, 0, -0.69370151, 0, -0.72026312), ["Time"] = 0.26903129, ["DummyAnims"] = {}, ["PlayerCFrame"] = CFrame.new(159.88908386, 440.75439453, 29.43165016, 0.52444309, 9e-08, 0.8514455, -1e-08, 1, -9e-08, -0.8514455, 4e-08, 0.52444309)}, {["PlayerAnims"] = {{["Id"] = "rbxassetid://7815618175", ["Name"] = "Animation", ["Time"] = 0.01249869}, {["Id"] = "rbxassetid://7807831448", ["Name"] = "WalkAnim", ["Time"] = 0.41136184}}, ["DummyCFrame"] = CFrame.new(156.36956787, 440.75671387, 24.72694016, -0.72026312, 0, 0.69370151, 0, 1, 0, -0.69370151, 0, -0.72026312), ["Time"] = 0.2748816, ["DummyAnims"] = {}, ["PlayerCFrame"] = CFrame.new(159.71168518, 440.75439453, 29.3223896, 0.52444291, 9e-08, 0.85144562, -1e-08, 1, -1e-07, -0.85144562, 4e-08, 0.52444291)}, {["PlayerAnims"] = {{["Id"] = "rbxassetid://7815618175", ["Name"] = "Animation", ["Time"] = 0.01666535}, {["Id"] = "rbxassetid://7807831448", ["Name"] = "WalkAnim", ["Time"] = 0.41822258}}, ["DummyCFrame"] = CFrame.new(156.36956787, 440.75671387, 24.72694016, -0.72026312, 0, 0.69370151, 0, 1, 0, -0.69370151, 0, -0.72026312), ["Time"] = 0.27899909, ["DummyAnims"] = {}, ["PlayerCFrame"] = CFrame.new(159.62298584, 440.75100708, 29.26775932, 0.52444309, 9e-08, 0.8514455, -2e-08, 1, -1e-07, -0.8514455, 4e-08, 0.52444309)}, {["PlayerAnims"] = {{["Id"] = "rbxassetid://7815618175", ["Name"] = "Animation", ["Time"] = 0.02083202}, {["Id"] = "rbxassetid://7807831448", ["Name"] = "WalkAnim", ["Time"] = 0.42508331}}, ["DummyCFrame"] = CFrame.new(156.36956787, 440.75671387, 24.72694016, -0.72026312, 0, 0.69370151, 0, 1, 0, -0.69370151, 0, -0.72026312), ["Time"] = 0.28361034, ["DummyAnims"] = {}, ["PlayerCFrame"] = CFrame.new(159.5342865, 440.74926758, 29.21312904, 0.52444297, 1e-07, 0.85144556, -2e-08, 1, -1e-07, -0.85144556, 4e-08, 0.52444297)}, {["PlayerAnims"] = {{["Id"] = "rbxassetid://7815618175", ["Name"] = "Animation", ["Time"] = 0.02499869}, {["Id"] = "rbxassetid://7807831448", ["Name"] = "WalkAnim", ["Time"] = 0.43194404}, {["Id"] = "rbxassetid://10469493270", ["Name"] = "Animation", ["Time"] = 0.005}}, ["DummyCFrame"] = CFrame.new(156.36956787, 440.75671387, 24.72694016, -0.72026312, 0, 0.69370151, 0, 1, 0, -0.69370151, 0, -0.72026312), ["Time"] = 0.28989434, ["DummyAnims"] = {}, ["PlayerCFrame"] = CFrame.new(159.45674133, 440.74859619, 29.16536713, 0.52444285, 1e-07, 0.85144562, -2e-08, 1, -1.1e-07, -0.85144562, 4e-08, 0.52444285)}, {["PlayerAnims"] = {{["Id"] = "rbxassetid://7815618175", ["Name"] = "Animation", ["Time"] = 0.03333202}, {["Id"] = "rbxassetid://7807831448", ["Name"] = "WalkAnim", ["Time"] = 0.44450554}, {["Id"] = "rbxassetid://10469493270", ["Name"] = "Animation", ["Time"] = 0.015}}, ["DummyCFrame"] = CFrame.new(156.36956787, 440.75671387, 24.72694016, -0.72026312, 0, 0.69370151, 0, 1, 0, -0.69370151, 0, -0.72026312), ["Time"] = 0.2968061, ["DummyAnims"] = {}, ["PlayerCFrame"] = CFrame.new(159.30938721, 440.74859619, 29.1083622, 0.52444297, 1e-07, 0.85144556, -2e-08, 1, -1.1e-07, -0.85144556, 4e-08, 0.52444297)}, {["PlayerAnims"] = {{["Id"] = "rbxassetid://7815618175", ["Name"] = "Animation", ["Time"] = 0.03749869}, {["Id"] = "rbxassetid://7807831448", ["Name"] = "WalkAnim", ["Time"] = 0.44972488}, {["Id"] = "rbxassetid://10469493270", ["Name"] = "Animation", ["Time"] = 0.02}}, ["DummyCFrame"] = CFrame.new(156.36956787, 440.75671387, 24.72694016, -0.72026312, 0, 0.69370151, 0, 1, 0, -0.69370151, 0, -0.72026312), ["Time"] = 0.30174875, ["DummyAnims"] = {}, ["PlayerCFrame"] = CFrame.new(159.23957825, 440.74880981, 29.09911919, 0.52444297, 1.1e-07, 0.85144556, -2e-08, 1, -1.1e-07, -0.85144556, 4e-08, 0.52444297)}, {["PlayerAnims"] = {{["Id"] = "rbxassetid://7815618175", ["Name"] = "Animation", ["Time"] = 0.04166535}, {["Id"] = "rbxassetid://7807831448", ["Name"] = "WalkAnim", ["Time"] = 0.45458135}, {["Id"] = "rbxassetid://10469493270", ["Name"] = "Animation", ["Time"] = 0.025}}, ["DummyCFrame"] = CFrame.new(156.36956787, 440.75671387, 24.72694016, -0.72026312, 0, 0.69370151, 0, 1, 0, -0.69370151, 0, -0.72026312), ["Time"] = 0.30730247, ["DummyAnims"] = {}, ["PlayerCFrame"] = CFrame.new(159.17234802, 440.74905396, 29.10271645, 0.52369183, 1.1e-07, 0.85190779, -2e-08, 1, -1.1e-07, -0.85190779, 4e-08, 0.52369183)}, {["PlayerAnims"] = {{["Id"] = "rbxassetid://7815618175", ["Name"] = "Animation", ["Time"] = 0.04999869}, {["Id"] = "rbxassetid://7807831448", ["Name"] = "WalkAnim", ["Time"] = 0.46429431}, {["Id"] = "rbxassetid://10469493270", ["Name"] = "Animation", ["Time"] = 0.035}}, ["DummyCFrame"] = CFrame.new(156.36956787, 440.75671387, 24.72694016, -0.72026312, 0, 0.69370151, 0, 1, 0, -0.69370151, 0, -0.72026312), ["Time"] = 0.31235147, ["DummyAnims"] = {}, ["PlayerCFrame"] = CFrame.new(159.04142761, 440.74951172, 29.12753677, 0.5184263, 1.1e-07, 0.85512233, -2e-08, 1, -1.2e-07, -0.85512233, 4e-08, 0.5184263)}, {["PlayerAnims"] = {{["Id"] = "rbxassetid://7815618175", ["Name"] = "Animation", ["Time"] = 0.05416535}, {["Id"] = "rbxassetid://7807831448", ["Name"] = "WalkAnim", ["Time"] = 0.4688893}, {["Id"] = "rbxassetid://10469493270", ["Name"] = "Animation", ["Time"] = 0.04}}, ["DummyCFrame"] = CFrame.new(156.36956787, 440.75671387, 24.72694016, -0.72026312, 0, 0.69370151, 0, 1, 0, -0.69370151, 0, -0.72026312), ["Time"] = 0.317765, ["DummyAnims"] = {}, ["PlayerCFrame"] = CFrame.new(158.97651672, 440.74978638, 29.14263344, 0.50783515, 1.2e-07, 0.86145431, -2e-08, 1, -1.2e-07, -0.86145431, 4e-08, 0.50783515)}, {["PlayerAnims"] = {{["Id"] = "rbxassetid://7815618175", ["Name"] = "Animation", ["Time"] = 0.05833202}, {["Id"] = "rbxassetid://7807831448", ["Name"] = "WalkAnim", ["Time"] = 0.47348428}, {["Id"] = "rbxassetid://10469493270", ["Name"] = "Animation", ["Time"] = 0.045}}, ["DummyCFrame"] = CFrame.new(156.36956787, 440.75671387, 24.72694016, -0.72026312, 0, 0.69370151, 0, 1, 0, -0.69370151, 0, -0.72026312), ["Time"] = 0.32300305, ["DummyAnims"] = {}, ["PlayerCFrame"] = CFrame.new(158.91183472, 440.75009155, 29.15871239, 0.49793175, 1.2e-07, 0.86721623, -2e-08, 1, -1.2e-07, -0.86721623, 4e-08, 0.49793175)}, {["PlayerAnims"] = {{["Id"] = "rbxassetid://7815618175", ["Name"] = "Animation", ["Time"] = 0.06249868}, {["Id"] = "rbxassetid://7807831448", ["Name"] = "WalkAnim", ["Time"] = 0.47807926}, {["Id"] = "rbxassetid://10469493270", ["Name"] = "Animation", ["Time"] = 0.05}}, ["DummyCFrame"] = CFrame.new(156.36956787, 440.75671387, 24.72694016, -0.72026312, 0, 0.69370151, 0, 1, 0, -0.69370151, 0, -0.72026312), ["Time"] = 0.32824302, ["DummyAnims"] = {}, ["PlayerCFrame"] = CFrame.new(158.84735107, 440.75039673, 29.17562294, 0.47870338, 1.2e-07, 0.87797672, -2e-08, 1, -1.3e-07, -0.87797672, 4e-08, 0.47870338)}, {["PlayerAnims"] = {{["Id"] = "rbxassetid://7815618175", ["Name"] = "Animation", ["Time"] = 0.07083202}, {["Id"] = "rbxassetid://7807831448", ["Name"] = "WalkAnim", ["Time"] = 0.48726922}, {["Id"] = "rbxassetid://10469493270", ["Name"] = "Animation", ["Time"] = 0.06}}, ["DummyCFrame"] = CFrame.new(156.36956787, 440.75671387, 24.72694016, -0.72026312, 0, 0.69370151, 0, 1, 0, -0.69370151, 0, -0.72026312), ["Time"] = 0.33366942, ["DummyAnims"] = {}, ["PlayerCFrame"] = CFrame.new(158.71917725, 440.75073242, 29.21228027, 0.45453864, 1.3e-07, 0.89072704, -3e-08, 1, -1.3e-07, -0.89072704, 4e-08, 0.45453864)}, {["PlayerAnims"] = {{["Id"] = "rbxassetid://7815618175", ["Name"] = "Animation", ["Time"] = 0.07916535}, {["Id"] = "rbxassetid://7807831448", ["Name"] = "WalkAnim", ["Time"] = 0.49645919}, {["Id"] = "rbxassetid://10469493270", ["Name"] = "Animation", ["Time"] = 0.07}}, ["DummyCFrame"] = CFrame.new(156.36956787, 440.75671387, 24.72694016, -0.72026312, 0, 0.69370151, 0, 1, 0, -0.69370151, 0, -0.72026312), ["Time"] = 0.34278464, ["DummyAnims"] = {}, ["PlayerCFrame"] = CFrame.new(158.59202576, 440.75088501, 29.25236702, 0.42764607, 1.2e-07, 0.90394628, -2e-08, 1, -1.2e-07, -0.90394628, 3e-08, 0.42764607)}, {["PlayerAnims"] = {{["Id"] = "rbxassetid://7815618175", ["Name"] = "Animation", ["Time"] = 0.08333202}, {["Id"] = "rbxassetid://7807831448", ["Name"] = "WalkAnim", ["Time"] = 0.50105417}, {["Id"] = "rbxassetid://10469493270", ["Name"] = "Animation", ["Time"] = 0.075}}, ["DummyCFrame"] = CFrame.new(156.36956787, 440.75671387, 24.72694016, -0.72026312, 0, 0.69370151, 0, 1, 0, -0.69370151, 0, -0.72026312), ["Time"] = 0.34856248, ["DummyAnims"] = {}, ["PlayerCFrame"] = CFrame.new(158.52897644, 440.75100708, 29.27400589, 0.38984358, 1e-07, 0.92088109, -2e-08, 1, -1e-07, -0.92088109, 2e-08, 0.38984358)}, {["PlayerAnims"] = {{["Id"] = "rbxassetid://7815618175", ["Name"] = "Animation", ["Time"] = 0.09166536}, {["Id"] = "rbxassetid://7807831448", ["Name"] = "WalkAnim", ["Time"] = 0.51024413}, {["Id"] = "rbxassetid://10469493270", ["Name"] = "Animation", ["Time"] = 0.085}}, ["DummyCFrame"] = CFrame.new(156.36956787, 440.75671387, 24.72694016, -0.72026312, 0, 0.69370151, 0, 1, 0, -0.69370151, 0, -0.72026312), ["Time"] = 0.35534954, ["DummyAnims"] = {}, ["PlayerCFrame"] = CFrame.new(158.40475464, 440.75109863, 29.32232094, 0.38008207, 7e-08, 0.92495275, -2e-08, 1, -7e-08, -0.92495275, 1e-08, 0.38008207)}, {["PlayerAnims"] = {{["Id"] = "rbxassetid://7815618175", ["Name"] = "Animation", ["Time"] = 0.09999869}, {["Id"] = "rbxassetid://7807831448", ["Name"] = "WalkAnim", ["Time"] = 0.51943409}, {["Id"] = "rbxassetid://10469493270", ["Name"] = "Animation", ["Time"] = 0.095}}, ["DummyCFrame"] = CFrame.new(156.36956787, 440.75671387, 24.72694016, -0.72026312, 0, 0.69370151, 0, 1, 0, -0.69370151, 0, -0.72026312), ["Time"] = 0.36304355, ["DummyAnims"] = {}, ["PlayerCFrame"] = CFrame.new(158.28147888, 440.74609375, 29.37310791, 0.3414501, 5e-08, 0.93989992, -1e-08, 1, -4e-08, -0.93989992, 0.0, 0.3414501)}, {["PlayerAnims"] = {{["Id"] = "rbxassetid://7815618175", ["Name"] = "Animation", ["Time"] = 0.10416536}, {["Id"] = "rbxassetid://7807831448", ["Name"] = "WalkAnim", ["Time"] = 0.52402908}, {["Id"] = "rbxassetid://10469493270", ["Name"] = "Animation", ["Time"] = 0.1}}, ["DummyCFrame"] = CFrame.new(156.36956787, 440.75671387, 24.72694016, -0.72026312, 0, 0.69370151, 0, 1, 0, -0.69370151, 0, -0.72026312), ["Time"] = 0.36861897, ["DummyAnims"] = {}, ["PlayerCFrame"] = CFrame.new(158.22062683, 440.74554443, 29.40031242, 0.32065865, 3e-08, 0.94719481, -1e-08, 1, -3e-08, -0.94719481, -0.0, 0.32065865)}, {["PlayerAnims"] = {{["Id"] = "rbxassetid://7815618175", ["Name"] = "Animation", ["Time"] = 0.10833203}, {["Id"] = "rbxassetid://7807831448", ["Name"] = "WalkAnim", ["Time"] = 0.52862406}, {["Id"] = "rbxassetid://10469493270", ["Name"] = "Animation", ["Time"] = 0.105}}, ["DummyCFrame"] = CFrame.new(156.36956787, 440.75671387, 24.72694016, -0.72026312, 0, 0.69370151, 0, 1, 0, -0.69370151, 0, -0.72026312), ["Time"] = 0.37570572, ["DummyAnims"] = {}, ["PlayerCFrame"] = CFrame.new(158.16046143, 440.74554443, 29.42897415, 0.31229785, 2e-08, 0.94998425, -1e-08, 1, -1e-08, -0.94998425, -1e-08, 0.31229785)}, {["PlayerAnims"] = {{["Id"] = "rbxassetid://7815618175", ["Name"] = "Animation", ["Time"] = 0.11666536}, {["Id"] = "rbxassetid://7807831448", ["Name"] = "WalkAnim", ["Time"] = 0.53781402}, {["Id"] = "rbxassetid://10469493270", ["Name"] = "Animation", ["Time"] = 0.115}}, ["DummyCFrame"] = CFrame.new(156.36956787, 440.75671387, 24.72694016, -0.72026312, 0, 0.69370151, 0, 1, 0, -0.69370151, 0, -0.72026312), ["Time"] = 0.38057208, ["DummyAnims"] = {}, ["PlayerCFrame"] = CFrame.new(158.04110718, 440.74624634, 29.4883728, 0.30643064, -1e-08, 0.95189297, -1e-08, 1, 2e-08, -0.95189297, -2e-08, 0.30643064)}, {["PlayerAnims"] = {{["Id"] = "rbxassetid://7815618175", ["Name"] = "Animation", ["Time"] = 0.12083203}, {["Id"] = "rbxassetid://7807831448", ["Name"] = "WalkAnim", ["Time"] = 0.542409}, {["Id"] = "rbxassetid://10469493270", ["Name"] = "Animation", ["Time"] = 0.12}}, ["DummyCFrame"] = CFrame.new(156.36956787, 440.75671387, 24.72694016, -0.72026312, 0, 0.69370151, 0, 1, 0, -0.69370151, 0, -0.72026312), ["Time"] = 0.3853302, ["DummyAnims"] = {}, ["PlayerCFrame"] = CFrame.new(157.98168945, 440.74682617, 29.51858902, 0.30475244, -3e-08, 0.95243162, -1e-08, 1, 3e-08, -0.95243162, -2e-08, 0.30475244)}, {["PlayerAnims"] = {{["Id"] = "rbxassetid://7807831448", ["Name"] = "WalkAnim", ["Time"] = 0.55159897}, {["Id"] = "rbxassetid://10469493270", ["Name"] = "Animation", ["Time"] = 0.13000001}}, ["DummyCFrame"] = CFrame.new(156.36956787, 440.75671387, 24.72694016, -0.72026312, 0, 0.69370151, 0, 1, 0, -0.69370151, 0, -0.72026312), ["Time"] = 0.3906045, ["DummyAnims"] = {}, ["PlayerCFrame"] = CFrame.new(157.86308289, 440.74804688, 29.57948875, 0.30475232, -6e-08, 0.95243162, -1e-08, 1, 6e-08, -0.95243162, -3e-08, 0.30475232)}, {["PlayerAnims"] = {{["Id"] = "rbxassetid://7807831448", ["Name"] = "WalkAnim", ["Time"] = 0.55619395}, {["Id"] = "rbxassetid://10469493270", ["Name"] = "Animation", ["Time"] = 0.13500001}}, ["DummyCFrame"] = CFrame.new(156.36956787, 440.75671387, 24.72694016, -0.72026312, 0, 0.69370151, 0, 1, 0, -0.69370151, 0, -0.72026312), ["Time"] = 0.39456964, ["DummyAnims"] = {}, ["PlayerCFrame"] = CFrame.new(157.80381775, 440.74862671, 29.61000443, 0.30475199, -7e-08, 0.95243174, -1e-08, 1, 8e-08, -0.95243174, -3e-08, 0.30475199)}, {["PlayerAnims"] = {{["Id"] = "rbxassetid://7807831448", ["Name"] = "WalkAnim", ["Time"] = 0.55619395}, {["Id"] = "rbxassetid://10469493270", ["Name"] = "Animation", ["Time"] = 0.13500001}}, ["DummyCFrame"] = CFrame.new(156.36956787, 440.75671387, 24.72694016, -0.72026312, 0, 0.69370151, 0, 1, 0, -0.69370151, 0, -0.72026312), ["Time"] = 0.39866066, ["DummyAnims"] = {}, ["PlayerCFrame"] = CFrame.new(157.80381775, 440.74862671, 29.61000443, 0.30475199, -7e-08, 0.95243174, -1e-08, 1, 8e-08, -0.95243174, -3e-08, 0.30475199)}, {["PlayerAnims"] = {{["Id"] = "rbxassetid://7807831448", ["Name"] = "WalkAnim", ["Time"] = 0.56538391}, {["Id"] = "rbxassetid://10469493270", ["Name"] = "Animation", ["Time"] = 0.14500001}}, ["DummyCFrame"] = CFrame.new(156.36956787, 440.75671387, 24.72694016, -0.72026312, 0, 0.69370151, 0, 1, 0, -0.69370151, 0, -0.72026312), ["Time"] = 0.40389585, ["DummyAnims"] = {}, ["PlayerCFrame"] = CFrame.new(157.68528748, 440.74963379, 29.67105865, 0.30475199, -8e-08, 0.95243174, -0.0, 1, 9e-08, -0.95243174, -3e-08, 0.30475199)}, {["PlayerAnims"] = {{["Id"] = "rbxassetid://7807831448", ["Name"] = "WalkAnim", ["Time"] = 0.56997889}, {["Id"] = "rbxassetid://10469493270", ["Name"] = "Animation", ["Time"] = 0.15000001}}, ["DummyCFrame"] = CFrame.new(156.36956787, 440.75671387, 24.72694016, -0.72026312, 0, 0.69370151, 0, 1, 0, -0.69370151, 0, -0.72026312), ["Time"] = 0.40862989, ["DummyAnims"] = {}, ["PlayerCFrame"] = CFrame.new(157.62602234, 440.75006104, 29.70158958, 0.30475199, -8e-08, 0.95243174, -0.0, 1, 9e-08, -0.95243174, -3e-08, 0.30475199)}, {["PlayerAnims"] = {{["Id"] = "rbxassetid://7807831448", ["Name"] = "WalkAnim", ["Time"] = 0.57457387}, {["Id"] = "rbxassetid://10469493270", ["Name"] = "Animation", ["Time"] = 0.155}}, ["DummyCFrame"] = CFrame.new(156.36956787, 440.75671387, 24.72694016, -0.72026312, 0, 0.69370151, 0, 1, 0, -0.69370151, 0, -0.72026312), ["Time"] = 0.4132638, ["DummyAnims"] = {}, ["PlayerCFrame"] = CFrame.new(157.5667572, 440.75042725, 29.73212051, 0.30475211, -8e-08, 0.95243168, -0.0, 1, 8e-08, -0.95243168, -3e-08, 0.30475211)}, {["PlayerAnims"] = {{["Id"] = "rbxassetid://7807831448", ["Name"] = "WalkAnim", ["Time"] = 0.57916886}, {["Id"] = "rbxassetid://10469493270", ["Name"] = "Animation", ["Time"] = 0.16}}, ["DummyCFrame"] = CFrame.new(156.36956787, 440.75671387, 24.72694016, -0.72026312, 0, 0.69370151, 0, 1, 0, -0.69370151, 0, -0.72026312), ["Time"] = 0.41894507, ["DummyAnims"] = {}, ["PlayerCFrame"] = CFrame.new(157.50749207, 440.75076294, 29.76265144, 0.30475199, -8e-08, 0.95243174, -0.0, 1, 8e-08, -0.95243174, -3e-08, 0.30475199)}, {["PlayerAnims"] = {{["Id"] = "rbxassetid://7807831448", ["Name"] = "WalkAnim", ["Time"] = 0.58835882}, {["Id"] = "rbxassetid://10469493270", ["Name"] = "Animation", ["Time"] = 0.17}}, ["DummyCFrame"] = CFrame.new(156.36956787, 440.75671387, 24.72694016, -0.72026312, 0, 0.69370151, 0, 1, 0, -0.69370151, 0, -0.72026312), ["Time"] = 0.42567658, ["DummyAnims"] = {}, ["PlayerCFrame"] = CFrame.new(157.38896179, 440.75128174, 29.82371521, 0.30475223, -7e-08, 0.95243168, 0.0, 1, 8e-08, -0.95243168, -2e-08, 0.30475223)}, {["PlayerAnims"] = {{["Id"] = "rbxassetid://7807831448", ["Name"] = "WalkAnim", ["Time"] = 0.5929538}, {["Id"] = "rbxassetid://10469493270", ["Name"] = "Animation", ["Time"] = 0.175}}, ["DummyCFrame"] = CFrame.new(156.36956787, 440.75671387, 24.72694016, -0.72026312, 0, 0.69370151, 0, 1, 0, -0.69370151, 0, -0.72026312), ["Time"] = 0.43037868, ["DummyAnims"] = {}, ["PlayerCFrame"] = CFrame.new(157.32969666, 440.75149536, 29.85424805, 0.30475235, -7e-08, 0.95243162, 0.0, 1, 8e-08, -0.95243162, -2e-08, 0.30475235)}, {["PlayerAnims"] = {{["Id"] = "rbxassetid://7807831448", ["Name"] = "WalkAnim", ["Time"] = 0.59754878}, {["Id"] = "rbxassetid://10469493270", ["Name"] = "Animation", ["Time"] = 0.17999999}}, ["DummyCFrame"] = CFrame.new(156.36956787, 440.75671387, 24.72694016, -0.72026312, 0, 0.69370151, 0, 1, 0, -0.69370151, 0, -0.72026312), ["Time"] = 0.43566084, ["DummyAnims"] = {}, ["PlayerCFrame"] = CFrame.new(157.27043152, 440.75167847, 29.88478088, 0.30475247, -7e-08, 0.95243156, 0.0, 1, 7e-08, -0.95243156, -2e-08, 0.30475247)}, {["PlayerAnims"] = {{["Id"] = "rbxassetid://7807831448", ["Name"] = "WalkAnim", ["Time"] = 0.60673875}, {["Id"] = "rbxassetid://10469493270", ["Name"] = "Animation", ["Time"] = 0.19}}, ["DummyCFrame"] = CFrame.new(156.36956787, 440.75671387, 24.72694016, -0.72026312, 0, 0.69370151, 0, 1, 0, -0.69370151, 0, -0.72026312), ["Time"] = 0.44119883, ["DummyAnims"] = {}, ["PlayerCFrame"] = CFrame.new(157.15190125, 440.75195312, 29.94584656, 0.30475247, -7e-08, 0.95243156, 1e-08, 1, 7e-08, -0.95243156, -1e-08, 0.30475247)}, {["PlayerAnims"] = {{["Id"] = "rbxassetid://7807831448", ["Name"] = "WalkAnim", ["Time"] = 0.61133373}, {["Id"] = "rbxassetid://10469493270", ["Name"] = "Animation", ["Time"] = 0.19499999}}, ["DummyCFrame"] = CFrame.new(156.36956787, 440.75671387, 24.72694016, -0.72026312, 0, 0.69370151, 0, 1, 0, -0.69370151, 0, -0.72026312), ["Time"] = 0.44589329, ["DummyAnims"] = {}, ["PlayerCFrame"] = CFrame.new(157.09263611, 440.7520752, 29.97637939, 0.30475223, -6e-08, 0.95243168, 1e-08, 1, 7e-08, -0.95243168, -1e-08, 0.30475223)}, {["PlayerAnims"] = {{["Id"] = "rbxassetid://7807831448", ["Name"] = "WalkAnim", ["Time"] = 0.61592871}, {["Id"] = "rbxassetid://10469493270", ["Name"] = "Animation", ["Time"] = 0.19999999}}, ["DummyCFrame"] = CFrame.new(156.36956787, 440.75671387, 24.72694016, -0.720263