return {["StartTime"] = 1759538443.5069451, ["Frames"] = {{["PlayerAnims"] = {{["Id"] = "rbxassetid://7815618175", ["Name"] = "Animation", ["Time"] = 0.16666605}, {["Id"] = "rbxassetid://7807831448", ["Name"] = "WalkAnim", ["Time"] = 0.35025856}}, ["DummyCFrame"] = CFrame.new(159.79931641, 440.75671387, 13.19551373, 0.84365106, 0, 0.53689194, 0, 1, 0, -0.53689194, 0, 0.84365106), ["Time"] = 0.01867843, ["DummyAnims"] = {}, ["PlayerCFrame"] = CFrame.new(152.81858826, 440.75241089, 19.44645119, 0.95207661, 1e-07, 0.30585966, -9e-08, 1, -4e-08, -0.30585966, 1e-08, 0.95207661)}, {["PlayerAnims"] = {{["Id"] = "rbxassetid://7815618175", ["Name"] = "Animation", ["Time"] = 0.17499939}, {["Id"] = "rbxassetid://7807831448", ["Name"] = "WalkAnim", ["Time"] = 0.36458725}}, ["DummyCFrame"] = CFrame.new(159.79931641, 440.75671387, 13.19551373, 0.84365106, 0, 0.53689194, 0, 1, 0, -0.53689194, 0, 0.84365106), ["Time"] = 0.02661681, ["DummyAnims"] = {}, ["PlayerCFrame"] = CFrame.new(152.62919617, 440.75274658, 19.36081314, 0.97880989, 8e-08, 0.20477103, -7e-08, 1, -3e-08, -0.20477103, 1e-08, 0.97880989)}, {["PlayerAnims"] = {{["Id"] = "rbxassetid://7815618175", ["Name"] = "Animation", ["Time"] = 0.18333273}, {["Id"] = "rbxassetid://7807831448", ["Name"] = "WalkAnim", ["Time"] = 0.37891594}}, ["DummyCFrame"] = CFrame.new(159.79931641, 440.75671387, 13.19551373, 0.84365106, 0, 0.53689194, 0, 1, 0, -0.53689194, 0, 0.84365106), ["Time"] = 0.03290868, ["DummyAnims"] = {}, ["PlayerCFrame"] = CFrame.new(152.45098877, 440.75311279, 19.25371742, 0.99388397, 5e-08, 0.11042941, -5e-08, 1, -2e-08, -0.11042941, 2e-08, 0.99388397)}, {["PlayerAnims"] = {{["Id"] = "rbxassetid://7815618175", ["Name"] = "Animation", ["Time"] = 0.19166607}, {["Id"] = "rbxassetid://7807831448", ["Name"] = "WalkAnim", ["Time"] = 0.39324462}}, ["DummyCFrame"] = CFrame.new(159.79931641, 440.75671387, 13.19551373, 0.84365106, 0, 0.53689194, 0, 1, 0, -0.53689194, 0, 0.84365106), ["Time"] = 0.04644656, ["DummyAnims"] = {}, ["PlayerCFrame"] = CFrame.new(152.30751038, 440.75344849, 19.12277031, 0.99991399, 2e-08, 0.01311484, -2e-08, 1, -2e-08, -0.01311484, 2e-08, 0.99991399)}, {["PlayerAnims"] = {{["Id"] = "rbxassetid://7815618175", ["Name"] = "Animation", ["Time"] = 0.20416607}, {["Id"] = "rbxassetid://7807831448", ["Name"] = "WalkAnim", ["Time"] = 0.41302574}}, ["DummyCFrame"] = CFrame.new(159.79931641, 440.75671387, 13.19551373, 0.84365106, 0, 0.53689194, 0, 1, 0, -0.53689194, 0, 0.84365106), ["Time"] = 0.05708814, ["DummyAnims"] = {}, ["PlayerCFrame"] = CFrame.new(152.177948, 440.7538147, 18.87833786, 0.9904505, -2e-08, -0.13786866, 2e-08, 1, -2e-08, 0.13786866, 2e-08, 0.9904505)}, {["PlayerAnims"] = {{["Id"] = "rbxassetid://7815618175", ["Name"] = "Animation", ["Time"] = 0.21249941}, {["Id"] = "rbxassetid://7807831448", ["Name"] = "WalkAnim", ["Time"] = 0.42621315}}, ["DummyCFrame"] = CFrame.new(159.79931641, 440.75671387, 13.19551373, 0.84365106, 0, 0.53689194, 0, 1, 0, -0.53689194, 0, 0.84365106), ["Time"] = 0.0644505, ["DummyAnims"] = {}, ["PlayerCFrame"] = CFrame.new(152.15177917, 440.7539978, 18.69021606, 0.96999437, -5e-08, -0.24312733, 4e-08, 1, -2e-08, 0.24312733, 1e-08, 0.96999437)}, {["PlayerAnims"] = {{["Id"] = "rbxassetid://7815618175", ["Name"] = "Animation", ["Time"] = 0.22083275}, {["Id"] = "rbxassetid://7807831448", ["Name"] = "WalkAnim", ["Time"] = 0.43940055}}, ["DummyCFrame"] = CFrame.new(159.79931641, 440.75671387, 13.19551373, 0.84365106, 0, 0.53689194, 0, 1, 0, -0.53689194, 0, 0.84365106), ["Time"] = 0.07266808, ["DummyAnims"] = {}, ["PlayerCFrame"] = CFrame.new(152.17570496, 440.75411987, 18.49199867, 0.96015918, -7e-08, -0.27945361, 7e-08, 1, -3e-08, 0.27945361, 1e-08, 0.96015918)}, {["PlayerAnims"] = {{["Id"] = "rbxassetid://7815618175", ["Name"] = "Animation", ["Time"] = 0.22916609}, {["Id"] = "rbxassetid://7807831448", ["Name"] = "WalkAnim", ["Time"] = 0.45341605}}, ["DummyCFrame"] = CFrame.new(159.79931641, 440.75671387, 13.19551373, 0.84365106, 0, 0.53689194, 0, 1, 0, -0.53689194, 0, 0.84365106), ["Time"] = 0.08265257, ["DummyAnims"] = {}, ["PlayerCFrame"] = CFrame.new(152.22787476, 440.75421143, 18.29188728, 0.93030822, -1e-07, -0.36677876, 9e-08, 1, -3e-08, 0.36677876, -0.0, 0.93030822)}, {["PlayerAnims"] = {{["Id"] = "rbxassetid://7815618175", ["Name"] = "Animation", ["Time"] = 0.24166609}, {["Id"] = "rbxassetid://7807831448", ["Name"] = "WalkAnim", ["Time"] = 0.47443926}}, ["DummyCFrame"] = CFrame.new(159.79931641, 440.75671387, 13.19551373, 0.84365106, 0, 0.53689194, 0, 1, 0, -0.53689194, 0, 0.84365106), ["Time"] = 0.09030771, ["DummyAnims"] = {}, ["PlayerCFrame"] = CFrame.new(152.33621216, 440.75430298, 17.99932098, 0.90230048, -1e-07, -0.43110767, 9e-08, 1, -3e-08, 0.43110767, -1e-08, 0.90230048)}, {["PlayerAnims"] = {{["Id"] = "rbxassetid://7815618175", ["Name"] = "Animation", ["Time"] = 0.24583276}, {["Id"] = "rbxassetid://7807831448", ["Name"] = "WalkAnim", ["Time"] = 0.48144701}}, ["DummyCFrame"] = CFrame.new(159.79931641, 440.75671387, 13.19551373, 0.84365106, 0, 0.53689194, 0, 1, 0, -0.53689194, 0, 0.84365106), ["Time"] = 0.09858871, ["DummyAnims"] = {}, ["PlayerCFrame"] = CFrame.new(152.37835693, 440.7543335, 17.90416145, 0.84346449, -9e-08, -0.53718489, 9e-08, 1, -3e-08, 0.53718489, -2e-08, 0.84346449)}, {["PlayerAnims"] = {{["Id"] = "rbxassetid://7815618175", ["Name"] = "Animation", ["Time"] = 0.26666608}, {["Id"] = "rbxassetid://7807831448", ["Name"] = "WalkAnim", ["Time"] = 0.51648569}}, ["DummyCFrame"] = CFrame.new(159.79931641, 440.75671387, 13.19551373, 0.84365106, 0, 0.53689194, 0, 1, 0, -0.53689194, 0, 0.84365106), ["Time"] = 0.11630344, ["DummyAnims"] = {}, ["PlayerCFrame"] = CFrame.new(152.64959717, 440.75439453, 17.46029854, 0.8342061, -6e-08, -0.55145282, 6e-08, 1, -1e-08, 0.55145282, -2e-08, 0.8342061)}, {["PlayerAnims"] = {{["Id"] = "rbxassetid://7815618175", ["Name"] = "Animation", ["Time"] = 0.27499941}, {["Id"] = "rbxassetid://7807831448", ["Name"] = "WalkAnim", ["Time"] = 0.53050119}}, ["DummyCFrame"] = CFrame.new(159.79931641, 440.75671387, 13.19551373, 0.84365106, 0, 0.53689194, 0, 1, 0, -0.53689194, 0, 0.84365106), ["Time"] = 0.12876034, ["DummyAnims"] = {}, ["PlayerCFrame"] = CFrame.new(152.76348877, 440.75439453, 17.28586006, 0.72190189, -4e-08, -0.69199538, 5e-08, 1, -1e-08, 0.69199538, -3e-08, 0.72190189)}, {["PlayerAnims"] = {{["Id"] = "rbxassetid://7815618175", ["Name"] = "Animation", ["Time"] = 0.2874994}, {["Id"] = "rbxassetid://7807831448", ["Name"] = "WalkAnim", ["Time"] = 0.5515244}}, ["DummyCFrame"] = CFrame.new(159.79931641, 440.75671387, 13.19551373, 0.84365106, 0, 0.53689194, 0, 1, 0, -0.53689194, 0, 0.84365106), ["Time"] = 0.1368649, ["DummyAnims"] = {}, ["PlayerCFrame"] = CFrame.new(152.97062683, 440.75439453, 17.05293465, 0.68248832, -2e-08, -0.73089653, 4e-08, 1, 0.0, 0.73089653, -3e-08, 0.68248832)}, {["PlayerAnims"] = {{["Id"] = "rbxassetid://7815618175", ["Name"] = "Animation", ["Time"] = 0.29999939}, {["Id"] = "rbxassetid://7807831448", ["Name"] = "WalkAnim", ["Time"] = 0.57254761}}, ["DummyCFrame"] = CFrame.new(159.79931641, 440.75671387, 13.19551373, 0.84365106, 0, 0.53689194, 0, 1, 0, -0.53689194, 0, 0.84365106), ["Time"] = 0.14940691, ["DummyAnims"] = {}, ["PlayerCFrame"] = CFrame.new(153.19577026, 440.74850464, 16.83643341, 0.61689329, -0.0, -0.78704679, 3e-08, 1, 2e-08, 0.78704679, -3e-08, 0.61689329)}, {["PlayerAnims"] = {{["Id"] = "rbxassetid://7815618175", ["Name"] = "Animation", ["Time"] = 0.31249937}, {["Id"] = "rbxassetid://7807831448", ["Name"] = "WalkAnim", ["Time"] = 0.59357083}}, ["DummyCFrame"] = CFrame.new(159.79931641, 440.75671387, 13.19551373, 0.84365106, 0, 0.53689194, 0, 1, 0, -0.53689194, 0, 0.84365106), ["Time"] = 0.16502523, ["DummyAnims"] = {}, ["PlayerCFrame"] = CFrame.new(153.43811035, 440.74874878, 16.63944626, 0.58405423, 2e-08, -0.81171465, 2e-08, 1, 3e-08, 0.81171465, -3e-08, 0.58405423)}, {["PlayerAnims"] = {{["Id"] = "rbxassetid://7815618175", ["Name"] = "Animation", ["Time"] = 0.32499936}, {["Id"] = "rbxassetid://7807831448", ["Name"] = "WalkAnim", ["Time"] = 0.61459404}}, ["DummyCFrame"] = CFrame.new(159.79931641, 440.75671387, 13.19551373, 0.84365106, 0, 0.53689194, 0, 1, 0, -0.53689194, 0, 0.84365106), ["Time"] = 0.1756587, ["DummyAnims"] = {}, ["PlayerCFrame"] = CFrame.new(153.69009399, 440.74990845, 16.45473099, 0.57693416, 3e-08, -0.8167907, 0.0, 1, 5e-08, 0.8167907, -3e-08, 0.57693416)}, {["PlayerAnims"] = {{["Id"] = "rbxassetid://7815618175", ["Name"] = "Animation", ["Time"] = 0.33749935}, {["Id"] = "rbxassetid://7807831448", ["Name"] = "WalkAnim", ["Time"] = 0.63561726}}, ["DummyCFrame"] = CFrame.new(159.79931641, 440.75671387, 13.19551373, 0.84365106, 0, 0.53689194, 0, 1, 0, -0.53689194, 0, 0.84365106), ["Time"] = 0.18809557, ["DummyAnims"] = {}, ["PlayerCFrame"] = CFrame.new(153.94496155, 440.75125122, 16.27389526, 0.56391484, 5e-08, -0.8258329, -1e-08, 1, 6e-08, 0.8258329, -3e-08, 0.56391484)}, {["PlayerAnims"] = {{["Id"] = "rbxassetid://7815618175", ["Name"] = "Animation", ["Time"] = 0.34583268}, {["Id"] = "rbxassetid://7807831448", ["Name"] = "WalkAnim", ["Time"] = 0.64963275}}, ["DummyCFrame"] = CFrame.new(159.79931641, 440.75671387, 13.19551373, 0.84365106, 0, 0.53689194, 0, 1, 0, -0.53689194, 0, 0.84365106), ["Time"] = 0.19524622, ["DummyAnims"] = {}, ["PlayerCFrame"] = CFrame.new(154.11651611, 440.75201416, 16.15568733, 0.56318909, 6e-08, -0.82632804, -1e-08, 1, 7e-08, 0.82632804, -3e-08, 0.56318909)}, {["PlayerAnims"] = {{["Id"] = "rbxassetid://7815618175", ["Name"] = "Animation", ["Time"] = 0.34999934}, {["Id"] = "rbxassetid://7807831448", ["Name"] = "WalkAnim", ["Time"] = 0.65664047}}, ["DummyCFrame"] = CFrame.new(159.79931641, 440.75671387, 13.19551373, 0.84365106, 0, 0.53689194, 0, 1, 0, -0.53689194, 0, 0.84365106), ["Time"] = 0.20099044, ["DummyAnims"] = {}, ["PlayerCFrame"] = CFrame.new(154.20251465, 440.7522583, 16.09692001, 0.56318951, 7e-08, -0.8263278, -2e-08, 1, 7e-08, 0.8263278, -3e-08, 0.56318951)}, {["PlayerAnims"] = {{["Id"] = "rbxassetid://7815618175", ["Name"] = "Animation", ["Time"] = 0.354166}, {["Id"] = "rbxassetid://7807831448", ["Name"] = "WalkAnim", ["Time"] = 0.66364819}}, ["DummyCFrame"] = CFrame.new(159.79931641, 440.75671387, 13.19551373, 0.84365106, 0, 0.53689194, 0, 1, 0, -0.53689194, 0, 0.84365106), ["Time"] = 0.20761514, ["DummyAnims"] = {}, ["PlayerCFrame"] = CFrame.new(154.28855896, 440.75241089, 16.03821564, 0.56318957, 8e-08, -0.82632774, -2e-08, 1, 8e-08, 0.82632774, -3e-08, 0.56318957)}, {["PlayerAnims"] = {{["Id"] = "rbxassetid://7815618175", ["Name"] = "Animation", ["Time"] = 0.36249933}, {["Id"] = "rbxassetid://7807831448", ["Name"] = "WalkAnim", ["Time"] = 0.010997}}, ["DummyCFrame"] = CFrame.new(159.79931641, 440.75671387, 13.19551373, 0.84365106, 0, 0.53689194, 0, 1, 0, -0.53689194, 0, 0.84365106), ["Time"] = 0.21343184, ["DummyAnims"] = {}, ["PlayerCFrame"] = CFrame.new(154.46069336, 440.75280762, 15.92086506, 0.56318951, 9e-08, -0.8263278, -3e-08, 1, 9e-08, 0.8263278, -3e-08, 0.56318951)}, {["PlayerAnims"] = {{["Id"] = "rbxassetid://7815618175", ["Name"] = "Animation", ["Time"] = 0.37083265}, {["Id"] = "rbxassetid://7807831448", ["Name"] = "WalkAnim", ["Time"] = 0.02501248}}, ["DummyCFrame"] = CFrame.new(159.79931641, 440.75671387, 13.19551373, 0.84365106, 0, 0.53689194, 0, 1, 0, -0.53689194, 0, 0.84365106), ["Time"] = 0.22252488, ["DummyAnims"] = {}, ["PlayerCFrame"] = CFrame.new(154.63284302, 440.75317383, 15.80353165, 0.56318957, 1e-07, -0.82632774, -4e-08, 1, 1e-07, 0.82632774, -2e-08, 0.56318957)}, {["PlayerAnims"] = {{["Id"] = "rbxassetid://7815618175", ["Name"] = "Animation", ["Time"] = 0.37499931}, {["Id"] = "rbxassetid://7807831448", ["Name"] = "WalkAnim", ["Time"] = 0.03202022}}, ["DummyCFrame"] = CFrame.new(159.79931641, 440.75671387, 13.19551373, 0.84365106, 0, 0.53689194, 0, 1, 0, -0.53689194, 0, 0.84365106), ["Time"] = 0.22673893, ["DummyAnims"] = {}, ["PlayerCFrame"] = CFrame.new(154.71891785, 440.75335693, 15.74486542, 0.56318957, 1.1e-07, -0.82632774, -4e-08, 1, 1e-07, 0.82632774, -2e-08, 0.56318957)}, {["PlayerAnims"] = {{["Id"] = "rbxassetid://7815618175", ["Name"] = "Animation", ["Time"] = 0.38333264}, {["Id"] = "rbxassetid://7807831448", ["Name"] = "WalkAnim", ["Time"] = 0.04603571}}, ["DummyCFrame"] = CFrame.new(159.79931641, 440.75671387, 13.19551373, 0.84365106, 0, 0.53689194, 0, 1, 0, -0.53689194, 0, 0.84365106), ["Time"] = 0.23582292, ["DummyAnims"] = {}, ["PlayerCFrame"] = CFrame.new(154.8910675, 440.75363159, 15.62753487, 0.56318957, 1.2e-07, -0.82632774, -5e-08, 1, 1.1e-07, 0.82632774, -2e-08, 0.56318957)}, {["PlayerAnims"] = {{["Id"] = "rbxassetid://7815618175", ["Name"] = "Animation", ["Time"] = 0.39166597}, {["Id"] = "rbxassetid://7807831448", ["Name"] = "WalkAnim", ["Time"] = 0.06005119}}, ["DummyCFrame"] = CFrame.new(159.79931641, 440.75671387, 13.19551373, 0.84365106, 0, 0.53689194, 0, 1, 0, -0.53689194, 0, 0.84365106), ["Time"] = 0.24146175, ["DummyAnims"] = {}, ["PlayerCFrame"] = CFrame.new(155.06321716, 440.75384521, 15.51020432, 0.56318957, 1.1e-07, -0.82632774, -5e-08, 1, 1e-07, 0.82632774, -2e-08, 0.56318957)}, {["PlayerAnims"] = {{["Id"] = "rbxassetid://7815618175", ["Name"] = "Animation", ["Time"] = 0.39583263}, {["Id"] = "rbxassetid://7807831448", ["Name"] = "WalkAnim", ["Time"] = 0.06705894}}, ["DummyCFrame"] = CFrame.new(159.79931641, 440.75671387, 13.19551373, 0.84365106, 0, 0.53689194, 0, 1, 0, -0.53689194, 0, 0.84365106), ["Time"] = 0.24847126, ["DummyAnims"] = {}, ["PlayerCFrame"] = CFrame.new(155.14929199, 440.75393677, 15.45153904, 0.56318957, 1e-07, -0.82632774, -4e-08, 1, 9e-08, 0.82632774, -2e-08, 0.56318957)}, {["PlayerAnims"] = {{["Id"] = "rbxassetid://7815618175", ["Name"] = "Animation", ["Time"] = 0.40416595}, {["Id"] = "rbxassetid://7807831448", ["Name"] = "WalkAnim", ["Time"] = 0.08107442}}, ["DummyCFrame"] = CFrame.new(159.79931641, 440.75671387, 13.19551373, 0.84365106, 0, 0.53689194, 0, 1, 0, -0.53689194, 0, 0.84365106), ["Time"] = 0.2531848, ["DummyAnims"] = {}, ["PlayerCFrame"] = CFrame.new(155.32144165, 440.75408936, 15.33420849, 0.56318957, 8e-08, -0.82632774, -3e-08, 1, 7e-08, 0.82632774, -1e-08, 0.56318957)}, {["PlayerAnims"] = {{["Id"] = "rbxassetid://7815618175", ["Name"] = "Animation", ["Time"] = 0.40833262}, {["Id"] = "rbxassetid://7807831448", ["Name"] = "WalkAnim", ["Time"] = 0.08808216}}, ["DummyCFrame"] = CFrame.new(159.79931641, 440.75671387, 13.19551373, 0.84365106, 0, 0.53689194, 0, 1, 0, -0.53689194, 0, 0.84365106), ["Time"] = 0.26017046, ["DummyAnims"] = {}, ["PlayerCFrame"] = CFrame.new(155.40751648, 440.75415039, 15.27554321, 0.56318957, 7e-08, -0.82632774, -3e-08, 1, 6e-08, 0.82632774, -1e-08, 0.56318957)}, {["PlayerAnims"] = {{["Id"] = "rbxassetid://7815618175", ["Name"] = "Animation", ["Time"] = 0.41249928}, {["Id"] = "rbxassetid://7807831448", ["Name"] = "WalkAnim", ["Time"] = 0.0950899}}, ["DummyCFrame"] = CFrame.new(159.79931641, 440.75671387, 13.19551373, 0.84365106, 0, 0.53689194, 0, 1, 0, -0.53689194, 0, 0.84365106), ["Time"] = 0.26536798, ["DummyAnims"] = {}, ["PlayerCFrame"] = CFrame.new(155.49359131, 440.75421143, 15.21687794, 0.56246102, 5e-08, -0.82682377, -3e-08, 1, 5e-08, 0.82682377, -0.0, 0.56246102)}, {["PlayerAnims"] = {{["Id"] = "rbxassetid://7815618175", ["Name"] = "Animation", ["Time"] = 0.4208326}, {["Id"] = "rbxassetid://7807831448", ["Name"] = "WalkAnim", ["Time"] = 0.10910538}}, ["DummyCFrame"] = CFrame.new(159.79931641, 440.75671387, 13.19551373, 0.84365106, 0, 0.53689194, 0, 1, 0, -0.53689194, 0, 0.84365106), ["Time"] = 0.27102947, ["DummyAnims"] = {}, ["PlayerCFrame"] = CFrame.new(155.66581726, 440.75427246, 15.09965897, 0.56246102, 3e-08, -0.82682377, -2e-08, 1, 2e-08, 0.82682377, 0.0, 0.56246102)}, {["PlayerAnims"] = {{["Id"] = "rbxassetid://7815618175", ["Name"] = "Animation", ["Time"] = 0.42499927}, {["Id"] = "rbxassetid://7807831448", ["Name"] = "WalkAnim", ["Time"] = 0.11611312}}, ["DummyCFrame"] = CFrame.new(159.79931641, 440.75671387, 13.19551373, 0.84365106, 0, 0.53689194, 0, 1, 0, -0.53689194, 0, 0.84365106), ["Time"] = 0.27903366, ["DummyAnims"] = {}, ["PlayerCFrame"] = CFrame.new(155.75193787, 440.75430298, 15.04106522, 0.56246102, 2e-08, -0.82682377, -1e-08, 1, 1e-08, 0.82682377, 0.0, 0.56246102)}, {["PlayerAnims"] = {{["Id"] = "rbxassetid://7815618175", ["Name"] = "Animation", ["Time"] = 0.43333259}, {["Id"] = "rbxassetid://7807831448", ["Name"] = "WalkAnim", ["Time"] = 0.13012861}, {["Id"] = "rbxassetid://10469493270", ["Name"] = "Animation", ["Time"] = 0.01}}, ["DummyCFrame"] = CFrame.new(159.79931641, 440.75671387, 13.19551373, 0.84365106, 0, 0.53689194, 0, 1, 0, -0.53689194, 0, 0.84365106), ["Time"] = 0.28460073, ["DummyAnims"] = {}, ["PlayerCFrame"] = CFrame.new(155.89170837, 440.75436401, 14.94597912, 0.56246102, -0.0, -0.82682377, -1e-08, 1, -1e-08, 0.82682377, 1e-08, 0.56246102)}, {["PlayerAnims"] = {{["Id"] = "rbxassetid://7815618175", ["Name"] = "Animation", ["Time"] = 0.43749925}, {["Id"] = "rbxassetid://7807831448", ["Name"] = "WalkAnim", ["Time"] = 0.13550621}, {["Id"] = "rbxassetid://10469493270", ["Name"] = "Animation", ["Time"] = 0.015}}, ["DummyCFrame"] = CFrame.new(159.79931641, 440.75671387, 13.19551373, 0.84365106, 0, 0.53689194, 0, 1, 0, -0.53689194, 0, 0.84365106), ["Time"] = 0.28965163, ["DummyAnims"] = {}, ["PlayerCFrame"] = CFrame.new(155.95033264, 440.75439453, 14.90609646, 0.56246102, -2e-08, -0.82682377, -0.0, 1, -2e-08, 0.82682377, 1e-08, 0.56246102)}, {["PlayerAnims"] = {{["Id"] = "rbxassetid://7815618175", ["Name"] = "Animation", ["Time"] = 0.44166592}, {["Id"] = "rbxassetid://7807831448", ["Name"] = "WalkAnim", ["Time"] = 0.14039637}, {["Id"] = "rbxassetid://10469493270", ["Name"] = "Animation", ["Time"] = 0.02}}, ["DummyCFrame"] = CFrame.new(159.79931641, 440.75671387, 13.19551373, 0.84365106, 0, 0.53689194, 0, 1, 0, -0.53689194, 0, 0.84365106), ["Time"] = 0.29511976, ["DummyAnims"] = {}, ["PlayerCFrame"] = CFrame.new(156.0067749, 440.75439453, 14.86770439, 0.56246102, -3e-08, -0.82682377, 0.0, 1, -3e-08, 0.82682377, 2e-08, 0.56246102)}, {["PlayerAnims"] = {{["Id"] = "rbxassetid://7815618175", ["Name"] = "Animation", ["Time"] = 0.44999924}, {["Id"] = "rbxassetid://7807831448", ["Name"] = "WalkAnim", ["Time"] = 0.1501767}, {["Id"] = "rbxassetid://10469493270", ["Name"] = "Animation", ["Time"] = 0.03}}, ["DummyCFrame"] = CFrame.new(159.79931641, 440.75671387, 13.19551373, 0.84365106, 0, 0.53689194, 0, 1, 0, -0.53689194, 0, 0.84365106), ["Time"] = 0.30090094, ["DummyAnims"] = {}, ["PlayerCFrame"] = CFrame.new(156.1177063, 440.75439453, 14.79224777, 0.56246102, -5e-08, -0.82682377, 1e-08, 1, -5e-08, 0.82682377, 2e-08, 0.56246102)}, {["PlayerAnims"] = {{["Id"] = "rbxassetid://7815618175", ["Name"] = "Animation", ["Time"] = 0.45416591}, {["Id"] = "rbxassetid://7807831448", ["Name"] = "WalkAnim", ["Time"] = 0.15478984}, {["Id"] = "rbxassetid://10469493270", ["Name"] = "Animation", ["Time"] = 0.035}}, ["DummyCFrame"] = CFrame.new(159.79931641, 440.75671387, 13.19551373, 0.84365106, 0, 0.53689194, 0, 1, 0, -0.53689194, 0, 0.84365106), ["Time"] = 0.30644178, ["DummyAnims"] = {}, ["PlayerCFrame"] = CFrame.new(156.17289734, 440.75439453, 14.75470352, 0.56246102, -6e-08, -0.82682377, 1e-08, 1, -7e-08, 0.82682377, 3e-08, 0.56246102)}, {["PlayerAnims"] = {{["Id"] = "rbxassetid://7815618175", ["Name"] = "Animation", ["Time"] = 0.45833257}, {["Id"] = "rbxassetid://7807831448", ["Name"] = "WalkAnim", ["Time"] = 0.15940297}, {["Id"] = "rbxassetid://10469493270", ["Name"] = "Animation", ["Time"] = 0.04}}, ["DummyCFrame"] = CFrame.new(159.79931641, 440.75671387, 13.19551373, 0.84365106, 0, 0.53689194, 0, 1, 0, -0.53689194, 0, 0.84365106), ["Time"] = 0.31232834, ["DummyAnims"] = {}, ["PlayerCFrame"] = CFrame.new(156.2280426, 440.75439453, 14.71718884, 0.56246102, -7e-08, -0.82682377, 2e-08, 1, -8e-08, 0.82682377, 3e-08, 0.56246102)}, {["PlayerAnims"] = {{["Id"] = "rbxassetid://7815618175", ["Name"] = "Animation", ["Time"] = 0.46666589}, {["Id"] = "rbxassetid://7807831448", ["Name"] = "WalkAnim", ["Time"] = 0.16862921}, {["Id"] = "rbxassetid://10469493270", ["Name"] = "Animation", ["Time"] = 0.05}}, ["DummyCFrame"] = CFrame.new(159.79931641, 440.75671387, 13.19551373, 0.84365106, 0, 0.53689194, 0, 1, 0, -0.53689194, 0, 0.84365106), ["Time"] = 0.31781054, ["DummyAnims"] = {}, ["PlayerCFrame"] = CFrame.new(156.33830261, 440.75439453, 14.64218521, 0.56246102, -1e-07, -0.82682377, 3e-08, 1, -1e-07, 0.82682377, 3e-08, 0.56246102)}, {["PlayerAnims"] = {{["Id"] = "rbxassetid://7815618175", ["Name"] = "Animation", ["Time"] = 0.47083256}, {["Id"] = "rbxassetid://7807831448", ["Name"] = "WalkAnim", ["Time"] = 0.17324235}, {["Id"] = "rbxassetid://10469493270", ["Name"] = "Animation", ["Time"] = 0.055}}, ["DummyCFrame"] = CFrame.new(159.79931641, 440.75671387, 13.19551373, 0.84365106, 0, 0.53689194, 0, 1, 0, -0.53689194, 0, 0.84365106), ["Time"] = 0.32305932, ["DummyAnims"] = {}, ["PlayerCFrame"] = CFrame.new(156.39343262, 440.75439453, 14.60468674, 0.56246096, -1.1e-07, -0.82682383, 3e-08, 1, -1.1e-07, 0.82682383, 4e-08, 0.56246096)}, {["PlayerAnims"] = {{["Id"] = "rbxassetid://7815618175", ["Name"] = "Animation", ["Time"] = 0.47499922}, {["Id"] = "rbxassetid://7807831448", ["Name"] = "WalkAnim", ["Time"] = 0.17785548}, {["Id"] = "rbxassetid://10469493270", ["Name"] = "Animation", ["Time"] = 0.06}}, ["DummyCFrame"] = CFrame.new(159.79931641, 440.75671387, 13.19551373, 0.84365106, 0, 0.53689194, 0, 1, 0, -0.53689194, 0, 0.84365106), ["Time"] = 0.32855678, ["DummyAnims"] = {}, ["PlayerCFrame"] = CFrame.new(156.44854736, 440.75439453, 14.56718922, 0.56246108, -1e-07, -0.82682377, 3e-08, 1, -1e-07, 0.82682377, 3e-08, 0.56246108)}, {["PlayerAnims"] = {{["Id"] = "rbxassetid://7815618175", ["Name"] = "Animation", ["Time"] = 0.48333254}, {["Id"] = "rbxassetid://7807831448", ["Name"] = "WalkAnim", ["Time"] = 0.18708172}, {["Id"] = "rbxassetid://10469493270", ["Name"] = "Animation", ["Time"] = 0.07}}, ["DummyCFrame"] = CFrame.new(159.79931641, 440.75671387, 13.19551373, 0.84365106, 0, 0.53689194, 0, 1, 0, -0.53689194, 0, 0.84365106), ["Time"] = 0.33346868, ["DummyAnims"] = {}, ["PlayerCFrame"] = CFrame.new(156.55877686, 440.75439453, 14.49219418, 0.56246108, -9e-08, -0.82682377, 3e-08, 1, -9e-08, 0.82682377, 3e-08, 0.56246108)}, {["PlayerAnims"] = {{["Id"] = "rbxassetid://7815618175", ["Name"] = "Animation", ["Time"] = 0.49166587}, {["Id"] = "rbxassetid://7807831448", ["Name"] = "WalkAnim", ["Time"] = 0.19630797}, {["Id"] = "rbxassetid://10469493270", ["Name"] = "Animation", ["Time"] = 0.08}}, ["DummyCFrame"] = CFrame.new(159.79931641, 440.75671387, 13.19551373, 0.84365106, 0, 0.53689194, 0, 1, 0, -0.53689194, 0, 0.84365106), ["Time"] = 0.34288931, ["DummyAnims"] = {}, ["PlayerCFrame"] = CFrame.new(156.66900635, 440.75439453, 14.41719913, 0.56246102, -8e-08, -0.82682383, 2e-08, 1, -8e-08, 0.82682383, 2e-08, 0.56246102)}, {["PlayerAnims"] = {{["Id"] = "rbxassetid://7815618175", ["Name"] = "Animation", ["Time"] = 0.4999992}, {["Id"] = "rbxassetid://7807831448", ["Name"] = "WalkAnim", ["Time"] = 0.20553422}, {["Id"] = "rbxassetid://10469493270", ["Name"] = "Animation", ["Time"] = 0.09}}, ["DummyCFrame"] = CFrame.new(159.79931641, 440.75671387, 13.19551373, 0.84365106, 0, 0.53689194, 0, 1, 0, -0.53689194, 0, 0.84365106), ["Time"] = 0.35500789, ["DummyAnims"] = {}, ["PlayerCFrame"] = CFrame.new(156.77923584, 440.75439453, 14.34220409, 0.56246108, -6e-08, -0.82682377, 2e-08, 1, -6e-08, 0.82682377, 2e-08, 0.56246108)}, {["PlayerAnims"] = {{["Id"] = "rbxassetid://7815618175", ["Name"] = "Animation", ["Time"] = 0.50833255}, {["Id"] = "rbxassetid://7807831448", ["Name"] = "WalkAnim", ["Time"] = 0.21476047}, {["Id"] = "rbxassetid://10469493270", ["Name"] = "Animation", ["Time"] = 0.09999999}}, ["DummyCFrame"] = CFrame.new(159.79931641, 440.75671387, 13.19551373, 0.84365106, 0, 0.53689194, 0, 1, 0, -0.53689194, 0, 0.84365106), ["Time"] = 0.36133933, ["DummyAnims"] = {}, ["PlayerCFrame"] = CFrame.new(156.88946533, 440.75439453, 14.26720905, 0.56246114, -5e-08, -0.82682371, 2e-08, 1, -5e-08, 0.82682371, 1e-08, 0.56246114)}, {["PlayerAnims"] = {{["Id"] = "rbxassetid://7815618175", ["Name"] = "Animation", ["Time"] = 0.51666588}, {["Id"] = "rbxassetid://7807831448", ["Name"] = "WalkAnim", ["Time"] = 0.22398672}, {["Id"] = "rbxassetid://10469493270", ["Name"] = "Animation", ["Time"] = 0.10999999}}, ["DummyCFrame"] = CFrame.new(159.79931641, 440.75671387, 13.19551373, 0.84365106, 0, 0.53689194, 0, 1, 0, -0.53689194, 0, 0.84365106), ["Time"] = 0.36782503, ["DummyAnims"] = {}, ["PlayerCFrame"] = CFrame.new(156.99969482, 440.75439453, 14.19221401, 0.56246102, -4e-08, -0.82682377, 2e-08, 1, -4e-08, 0.82682377, 1e-08, 0.56246102)}, {["PlayerAnims"] = {{["Id"] = "rbxassetid://7815618175", ["Name"] = "Animation", ["Time"] = 0.52083254}, {["Id"] = "rbxassetid://7807831448", ["Name"] = "WalkAnim", ["Time"] = 0.22859985}, {["Id"] = "rbxassetid://10469493270", ["Name"] = "Animation", ["Time"] = 0.11499999}}, ["DummyCFrame"] = CFrame.new(159.79931641, 440.75671387, 13.19551373, 0.84365106, 0, 0.53689194, 0, 1, 0, -0.53689194, 0, 0.84365106), ["Time"] = 0.37274551, ["DummyAnims"] = {}, ["PlayerCFrame"] = CFrame.new(157.05480957, 440.75439453, 14.15471649, 0.56246108, -3e-08, -0.82682377, 1e-08, 1, -3e-08, 0.82682377, 0.0, 0.56246108)}, {["PlayerAnims"] = {{["Id"] = "rbxassetid://7815618175", ["Name"] = "Animation", ["Time"] = 0.52916586}, {["Id"] = "rbxassetid://7807831448", ["Name"] = "WalkAnim", ["Time"] = 0.23782609}, {["Id"] = "rbxassetid://10469493270", ["Name"] = "Animation", ["Time"] = 0.12499999}}, ["DummyCFrame"] = CFrame.new(159.79931641, 440.75671387, 13.19551373, 0.84365106, 0, 0.53689194, 0, 1, 0, -0.53689194, 0, 0.84365106), ["Time"] = 0.37958026, ["DummyAnims"] = {}, ["PlayerCFrame"] = CFrame.new(157.16503906, 440.75439453, 14.07972145, 0.56246114, -2e-08, -0.82682371, 1e-08, 1, -1e-08, 0.82682371, -0.0, 0.56246114)}, {["PlayerAnims"] = {{["Id"] = "rbxassetid://7807831448", ["Name"] = "WalkAnim", ["Time"] = 0.24243923}, {["Id"] = "rbxassetid://10469493270", ["Name"] = "Animation", ["Time"] = 0.13}}, ["DummyCFrame"] = CFrame.new(159.79931641, 440.75671387, 13.19551373, 0.84365106, 0, 0.53689194, 0, 1, 0, -0.53689194, 0, 0.84365106), ["Time"] = 0.38503885, ["DummyAnims"] = {}, ["PlayerCFrame"] = CFrame.new(157.22015381, 440.75439453, 14.04222393, 0.56246108, -1e-08, -0.82682377, 1e-08, 1, -1e-08, 0.82682377, -0.0, 0.56246108)}, {["PlayerAnims"] = {{["Id"] = "rbxassetid://7807831448", ["Name"] = "WalkAnim", ["Time"] = 0.24705236}, {["Id"] = "rbxassetid://10469493270", ["Name"] = "Animation", ["Time"] = 0.13499999}}, ["DummyCFrame"] = CFrame.new(159.79931641, 440.75671387, 13.19551373, 0.84365106, 0, 0.53689194, 0, 1, 0, -0.53689194, 0, 0.84365106), ["Time"] = 0.39010429, ["DummyAnims"] = {}, ["PlayerCFrame"] = CFrame.new(157.27526855, 440.75439453, 14.00472641, 0.56246114, -1e-08, -0.82682371, 1e-08, 1, -0.0, 0.82682371, -1e-08, 0.56246114)}, {["PlayerAnims"] = {{["Id"] = "rbxassetid://7807831448", ["Name"] = "WalkAnim", ["Time"] = 0.2562786}, {["Id"] = "rbxassetid://10469493270", ["Name"] = "Animation", ["Time"] = 0.145}}, ["DummyCFrame"] = CFrame.new(159.79931641, 440.75671387, 13.19551373, 0.84365106, 0, 0.53689194, 0, 1, 0, -0.53689194, 0, 0.84365106), ["Time"] = 0.39657807, ["DummyAnims"] = {}, ["PlayerCFrame"] = CFrame.new(157.38549805, 440.75439453, 13.92973137, 0.56246108, 1e-08, -0.82682377, 1e-08, 1, 1e-08, 0.82682377, -1e-08, 0.56246108)}, {["PlayerAnims"] = {{["Id"] = "rbxassetid://7807831448", ["Name"] = "WalkAnim", ["Time"] = 0.26550487}, {["Id"] = "rbxassetid://10469493270", ["Name"] = "Animation", ["Time"] = 0.155}}, ["DummyCFrame"] = CFrame.new(159.79931641, 440.75671387, 13.19551373, 0.84365106, 0, 0.53689194, 0, 1, 0, -0.53689194, 0, 0.84365106), ["Time"] = 0.40692973, ["DummyAnims"] = {}, ["PlayerCFrame"] = CFrame.new(157.49572754, 440.75439453, 13.85473633, 0.56537265, 2e-08, -0.8248356, 0.0, 1, 3e-08, 0.8248356, -2e-08, 0.56537265)}, {["PlayerAnims"] = {{["Id"] = "rbxassetid://7807831448", ["Name"] = "WalkAnim", ["Time"] = 0.27473113}, {["Id"] = "rbxassetid://10469493270", ["Name"] = "Animation", ["Time"] = 0.16500001}}, ["DummyCFrame"] = CFrame.new(159.79931641, 440.75671387, 13.19551373, 0.84365106, 0, 0.53689194, 0, 1, 0, -0.53689194, 0, 0.84365106), ["Time"] = 0.41290927, ["DummyAnims"] = {}, ["PlayerCFrame"] = CFrame.new(157.60577393, 440.75439453, 13.77945328, 0.56682587, 3e-08, -0.82383764, 0.0, 1, 4e-08, 0.82383764, -2e-08, 0.56682587)}, {["PlayerAnims"] = {{["Id"] = "rbxassetid://7807831448", ["Name"] = "WalkAnim", ["Time"] = 0.28395739}, {["Id"] = "rbxassetid://10469493270", ["Name"] = "Animation", ["Time"] = 0.17500001}}, ["DummyCFrame"] = CFrame.new(159.79931641, 440.75671387, 13.19551373, 0.84365106, 0, 0.53689194, 0, 1, 0, -0.53689194, 0, 0.84365106), ["Time"] = 0.42322373, ["DummyAnims"] = {}, ["PlayerCFrame"] = CFrame.new(157.68338013, 440.75439453, 13.72632027, 0.57838732, 4e-08, -0.81576228, -0.0, 1, 5e-08, 0.81576228, -3e-08, 0.57838732)}, {["PlayerAnims"] = {{["Id"] = "rbxassetid://7807831448", ["Name"] = "WalkAnim", ["Time"] = 0.28954017}, {["Id"] = "rbxassetid://10469493270", ["Name"] = "Animation", ["Time"] = 0.18500002}}, ["DummyCFrame"] = CFrame.new(159.79931641, 440.75671387, 13.19551373, 0.84365106, 0, 0.53689194, 0, 1, 0, -0.53689194, 0, 0.84365106), ["Time"] = 0.42913961, ["DummyAnims"] = {}, ["PlayerCFrame"] = CFrame.new(157.71775818, 440.75439453, 13.70278168, 0.58269268, 6e-08, -0.81269258, -0.0, 1, 7e-08, 0.81269258, -4e-08, 0.58269268)}, {["PlayerAnims"] = {{["Id"] = "rbxassetid://7807831448", ["Name"] = "WalkAnim", ["Time"] = 0.29151034}, {["Id"] = "rbxassetid://10469493270", ["Name"] = "Animation", ["Time"] = 0.19500002}}, ["DummyCFrame"] = CFrame.new(159.79931641, 440.75671387, 13.19551373, 0.84365106, 0, 0.53689194, 0, 1, 0, -0.53689194, 0, 0.84365106), ["Time"] = 0.43867326, ["DummyAnims"] = {}, ["PlayerCFrame"] = CFrame.new(157.72384644, 440.75439453, 13.6986208, 0.58840877, 7e-08, -0.80856359, -1e-08, 1, 8e-08, 0.80856359, -4e-08, 0.58840877)}, {["PlayerAnims"] = {{["Id"] = "rbxassetid://7807831448", ["Name"] = "WalkAnim", ["Time"] = 0.2944656}, {["Id"] = "rbxassetid://10469493270", ["Name"] = "Animation", ["Time"] = 0.21000002}, {["Id"] = "rbxassetid://14516273501", ["Name"] = "Animation1", ["Time"] = 0.0125}}, ["DummyCFrame"] = CFrame.new(159.79931641, 440.75671387, 13.19551373, 0.84365106, 0, 0.53689194, 0, 1, 0, -0.53689194, 0, 0.84365106), ["Time"] = 0.45080066, ["DummyAnims"] = {}, ["PlayerCFrame"] = CFrame.new(157.68855286, 440.75378418, 13.720191, 0.59821725, -0.00224737, -0.8013308, 0.00017545, 0.99999642, -0.00267356, 0.80133396, 0.00145878, 0.59821552)}, {["PlayerAnims"] = {{["Id"] = "rbxassetid://7807831448", ["Name"] = "WalkAnim", ["Time"] = 0.29545069}, {["Id"] = "rbxassetid://10469493270", ["Name"] = "Animation", ["Time"] = 0.21500002}, {["Id"] = "rbxassetid://14516273501", ["Name"] = "Animation1", ["Time"] = 0.01666667}}, ["DummyCFrame"] = CFrame.new(159.79931641, 440.75671387, 13.19551373, 0.84365106, 0, 0.53689194, 0, 1, 0, -0.53689194, 0, 0.84365106), ["Time"] = 0.45810676, ["DummyAnims"] = {}, ["PlayerCFrame"] = CFrame.new(157.65492249, 440.75317383, 13.7408638, 0.60566103, -0.0041235, -0.79571211, 0.00033535, 0.99998778, -0.00492683, 0.79572272, 0.00271715, 0.60565501)}, {["PlayerAnims"] = {{["Id"] = "rbxassetid://7807831448", ["Name"] = "WalkAnim", ["Time"] = 0.29840595}, {["Id"] = "rbxassetid://10469493270", ["Name"] = "Animation", ["Time"] = 0.23000002}, {["Id"] = "rbxassetid://14516273501", ["Name"] = "Animation1", ["Time"] = 0.02916667}}, ["DummyCFrame"] = CFrame.new(159.79931641, 440.75671387, 13.19551373, 0.84365106, 0, 0.53689194, 0, 1, 0, -0.53689194, 0, 0.84365106), ["Time"] = 0.46953344, ["DummyAnims"] = {{["Id"] = "rbxassetid://10473653782", ["Name"] = "Animation", ["Time"] = 0.0125}}, ["PlayerCFrame"] = CFrame.new(157.80145264, 440.75317383, 13.67580986, 0.61091614, -0.00190638, -0.79169303, 0.00016401, 0.99999738, -0.00228141, 0.7916953, 0.00126391, 0.61091489)}, {["PlayerAnims"] = {{["Id"] = "rbxassetid://7807831448", ["Name"] = "WalkAnim", ["Time"] = 0.30037612}, {["Id"] = "rbxassetid://10469493270", ["Name"] = "Animation", ["Time"] = 0.24000002}, {["Id"] = "rbxassetid://14516273501", ["Name"] = "Animation1", ["Time"] = 0.0375}, {["Id"] = "rbxassetid://7807831448", ["Name"] = "WalkAnim", ["Time"] = 0.00751912}}, ["DummyCFrame"] = CFrame.new(159.79931641, 440.75671387, 13.19551373, 0.84365106, 0, 0.53689194, 0, 1, 0, -0.53689194, 0, 0.84365106), ["Time"] = 0.47557974, ["DummyAnims"] = {{["Id"] = "rbxassetid://10473653782", ["Name"] = "Animation", ["Time"] = 0.02083334}}, ["PlayerCFrame"] = CFrame.new(157.84889221, 440.7527771, 13.64601994, 0.62238288, -0.02630031, -0.78227097, 0.00797662, 0.99959654, -0.02726061, 0.78267229, 0.01072666, 0.62234151)}, {["PlayerAnims"] = {{["Id"] = "rbxassetid://7807831448", ["Name"] = "WalkAnim", ["Time"] = 0.3013612}, {["Id"] = "rbxassetid://10469493270", ["Name"] = "Animation", ["Time"] = 0.24500002}, {["Id"] = "rbxassetid://14516273501", ["Name"] = "Animation1", ["Time"] = 0.04166667}, {["Id"] = "rbxassetid://7807831448", ["Name"] = "WalkAnim", ["Time"] = 0.01106573}}, ["DummyCFrame"] = CFrame.new(159.79931641, 440.75671387, 13.19551373, 0.84365106, 0, 0.53689194, 0, 1, 0, -0.53689194, 0, 0.84365106), ["Time"] = 0.48199368, ["DummyAnims"] = {{["Id"] = "rbxassetid://10473653782", ["Name"] = "Animation", ["Time"] = 0.025}}, ["PlayerCFrame"] = CFrame.new(157.84068298, 440.75222778, 13.64498806, 0.61735094, -0.04151844, -0.78559154, 0.01183095, 0.99898344, -0.04349892, 0.78659892, 0.0175598, 0.61721456)}, {["PlayerAnims"] = {{["Id"] = "rbxassetid://7807831448", ["Name"] = "WalkAnim", ["Time"] = 0.30333138}, {["Id"] = "rbxassetid://10469493270", ["Name"] = "Animation", ["Time"] = 0.25500003}, {["Id"] = "rbxassetid://14516273501", ["Name"] = "Animation1", ["Time"] = 0.05}, {["Id"] = "rbxassetid://7807831448", ["Name"] = "WalkAnim", ["Time"] = 0.01777711}}, ["DummyCFrame"] = CFrame.new(159.79931641, 440.75671387, 13.19551373, 0.84365106, 0, 0.53689194, 0, 1, 0, -0.53689194, 0, 0.84365106), ["Time"] = 0.48998213, ["DummyAnims"] = {{["Id"] = "rbxassetid://10473653782", ["Name"] = "Animation", ["Time"] = 0.03333334}}, ["PlayerCFrame"] = CFrame.new(157.87919617, 440.75164795, 13.62791443, 0.61616856, -0.05282698, -0.78584075, 0.01311709, 0.99829805, -0.05682416, 0.78750509, 0.02470531, 0.61581278)}, {["PlayerAnims"] = {{["Id"] = "rbxassetid://7807831448", ["Name"] = "WalkAnim", ["Time"] = 0.30530155}, {["Id"] = "rbxassetid://10469493270", ["Name"] = "Animation", ["Time"] = 0.26500002}, {["Id"] = "rbxassetid://14516273501", ["Name"] = "Animation1", ["Time"] = 0.05833333}, {["Id"] = "rbxassetid://7807831448", ["Name"] = "WalkAnim", ["Time"] = 0.02525399}}, ["DummyCFrame"] = CFrame.new(159.81546021, 440.75671387, 13.18829346, 0.84365106, 0, 0.53689194, 0, 1, 0, -0.53689194, 0, 0.84365106), ["Time"] = 0.49811816, ["DummyAnims"] = {{["Id"] = "rbxassetid://10473653782", ["Name"] = "Animation", ["Time"] = 0.04166667}}, ["PlayerCFrame"] = CFrame.new(157.90077209, 440.75109863, 13.62238884, 0.61890602, -0.06011946, -0.78316092, 0.01473952, 0.99777991, -0.06494656, 0.78532672, 0.0286524, 0.6184181)}, {["PlayerAnims"] = {{["Id"] = "rbxassetid://7807831448", ["Name"] = "WalkAnim", ["Time"] = 0.30727172}, {["Id"] = "rbxassetid://10469493270", ["Name"] = "Animation", ["Time"] = 0.27500001}, {["Id"] = "rbxassetid://14516273501", ["Name"] = "Animation1", ["Time"] = 0.06666667}, {["Id"] = "rbxassetid://7807831448", ["Name"] = "WalkAnim", ["Time"] = 0.03273087}}, ["DummyCFrame"] = CFrame.new(159.81546021, 440.75671387, 13.18829346, 0.84365106, 0, 0.53689194, 0, 1, 0, -0.53689194, 0, 0.84365106), ["Time"] = 0.50500369, ["DummyAnims"] = {{["Id"] = "rbxassetid://10473653782", ["Name"] = "Animation", ["Time"] = 0.05}}, ["PlayerCFrame"] = CFrame.new(157.91874695, 440.75094604, 13.62272549, 0.61880815, -0.06641936, -0.78272915, 0.0163811, 0.99729347, -0.07167593, 0.7853713, 0.03153169, 0.61822134)}, {["PlayerAnims"] = {{["Id"] = "rbxassetid://7807831448", ["Name"] = "WalkAnim", ["Time"] = 0.3082568}, {["Id"] = "rbxassetid://10469493270", ["Name"] = "Animation", ["Time"] = 0.28}, {["Id"] = "rbxassetid://14516273501", ["Name"] = "Animation1", ["Time"] = 0.07083334}, {["Id"] = "rbxassetid://7807831448", ["Name"] = "WalkAnim", ["Time"] = 0.03646931}}, ["DummyCFrame"] = CFrame.new(159.82731628, 440.75671387, 13.18298912, 0.84365106, 0, 0.53689194, 0, 1, 0, -0.53689194, 0, 0.84365106), ["Time"] = 0.51231503, ["DummyAnims"] = {{["Id"] = "rbxassetid://10473653782", ["Name"] = "Animation", ["Time"] = 0.05416667}}, ["PlayerCFrame"] = CFrame.new(157.8828125, 440.75091553, 13.63844109, 0.60717309, -0.06881066, -0.79158449, 0.01880238, 0.99720836, -0.072263, 0.79434711, 0.02899247, 0.60677189)}, {["PlayerAnims"] = {{["Id"] = "rbxassetid://7807831448", ["Name"] = "WalkAnim", ["Time"] = 0.31022698}, {["Id"] = "rbxassetid://10469493270", ["Name"] = "Animation", ["Time"] = 0.28999999}, {["Id"] = "rbxassetid://14516273501", ["Name"] = "Animation1", ["Time"] = 0.07916667}, {["Id"] = "rbxassetid://7807831448", ["Name"] = "WalkAnim", ["Time"] = 0.04120214}}, ["DummyCFrame"] = CFrame.new(159.82731628, 440.75671387, 13.18298912, 0.84365106, 0, 0.53689194, 0, 1, 0, -0.53689194, 0, 0.84365106), ["Time"] = 0.52006269, ["DummyAnims"] = {{["Id"] = "rbxassetid://10473653782", ["Name"] = "Animation", ["Time"] = 0.0625}}, ["PlayerCFrame"] = CFrame.new(157.90910339, 440.75091553, 13.62789154, 0.60998172, -0.06898025, -0.78940737, 0.02161881, 0.99728173, -0.07043976, 0.79212052, 0.02590092, 0.60981488)}, {["PlayerAnims"] = {{["Id"] = "rbxassetid://7807831448", ["Name"] = "WalkAnim", ["Time"] = 0.31318223}, {["Id"] = "rbxassetid://10469493270", ["Name"] = "Animation", ["Time"] = 0.30500001}, {["Id"] = "rbxassetid://14516273501", ["Name"] = "Animation1", ["Time"] = 0.09166668}, {["Id"] = "rbxassetid://7807831448", ["Name"] = "WalkAnim", ["Time"] = 0.05259666}}, ["DummyCFrame"] = CFrame.new(159.84266663, 440.75671387, 13.17612171, 0.84365106, 0, 0.53689194, 0, 1, 0, -0.53689194, 0, 0.84365106), ["Time"] = 0.53470325, ["DummyAnims"] = {{["Id"] = "rbxassetid://10473653782", ["Name"] = "Animation", ["Time"] = 0.075}}, ["PlayerCFrame"] = CFrame.new(157.9413147, 440.73858643, 13.555583, 0.61164415, -0.06090131, -0.78878546, 0.02265223, 0.99797201, -0.05948728, 0.79080868, 0.01851729, 0.61178327)}, {["PlayerAnims"] = {{["Id"] = "rbxassetid://7807831448", ["Name"] = "WalkAnim", ["Time"] = 0.31712258}, {["Id"] = "rbxassetid://10469493270", ["Name"] = "Animation", ["Time"] = 0.32500002}, {["Id"] = "rbxassetid://14516273501", ["Name"] = "Animation1", ["Time"] = 0.10833334}, {["Id"] = "rbxassetid://7807831448", ["Name"] = "WalkAnim", ["Time"] = 0.06778935}}, ["DummyCFrame"] = CFrame.new(159.87150574, 440.75671387, 13.16322327, 0.84365106, 0, 0.53689194, 0, 1, 0, -0.53689194, 0, 0.84365106), ["Time"] = 0.54780221, ["DummyAnims"] = {{["Id"] = "rbxassetid://10473653782", ["Name"] = "Animation", ["Time"] = 0.09166667}}, ["PlayerCFrame"] = CFrame.new(158.01425171, 440.71728516, 13.45431709, 0.64096886, -0.05295739, -0.76573783, 0.01169737, 0.99817514, -0.05924103, 0.76747775, 0.02901453, 0.64041865)}, {["PlayerAnims"] = {{["Id"] = "rbxassetid://10469493270", ["Name"] = "Animation", ["Time"] = 0.33000001}, {["Id"] = "rbxassetid://14516273501", ["Name"] = "Animation1", ["Time"] = 0.11250001}, {["Id"] = "rbxassetid://7807831448", ["Name"] = "WalkAnim", ["Time"] = 0.07158753}}, ["DummyCFrame"] = CFrame.new(159.89736938, 440.75671387, 13.15165234, 0.84365106, 0, 0.53689194, 0, 1, 0, -0.53689194, 0, 0.84365106), ["Time"] = 0.55372238, ["DummyAnims"] = {{["Id"] = "rbxassetid://10473653782", ["Name"] = "Animation", ["Time"] = 0.09583334}}, ["PlayerCFrame"] = CFrame.new(157.92106628, 440.69927979, 13.43890476, 0.60039693, -0.06629735, -0.79694927, 0.0111539, 