return {["StartTime"] = 1759535519.1287625, ["Frames"] = {{["PlayerAnims"] = {{["Id"] = "rbxassetid://14516273501", ["Name"] = "Animation1", ["Time"] = 1.65833795}}, ["DummyCFrame"] = CFrame.new(149.55697632, 440.75671387, 29.74264145, 0.92388153, 0, 0.38267857, 0, 1, 0, -0.38267857, 0, 0.92388153), ["Time"] = 0.00419497, ["DummyAnims"] = {}, ["PlayerCFrame"] = CFrame.new(149.26635742, 440.75439453, 25.68900871, -0.99892086, 0.0, -0.04644439, -0.0, 1, 5e-08, 0.04644439, 5e-08, -0.99892086)}, {["PlayerAnims"] = {{["Id"] = "rbxassetid://14516273501", ["Name"] = "Animation1", ["Time"] = 1.66250467}}, ["DummyCFrame"] = CFrame.new(149.55697632, 440.75671387, 29.74264145, 0.92388153, 0, 0.38267857, 0, 1, 0, -0.38267857, 0, 0.92388153), ["Time"] = 0.00836325, ["DummyAnims"] = {}, ["PlayerCFrame"] = CFrame.new(149.26635742, 440.75439453, 25.68900871, -0.99892086, 0.0, -0.04644439, -0.0, 1, 4e-08, 0.04644439, 4e-08, -0.99892086)}, {["PlayerAnims"] = {{["Id"] = "rbxassetid://14516273501", ["Name"] = "Animation1", ["Time"] = 1.6666714}}, ["DummyCFrame"] = CFrame.new(149.55697632, 440.75671387, 29.74264145, 0.92388153, 0, 0.38267857, 0, 1, 0, -0.38267857, 0, 0.92388153), ["Time"] = 0.01191735, ["DummyAnims"] = {}, ["PlayerCFrame"] = CFrame.new(149.26635742, 440.75439453, 25.68900871, -0.99892086, 0.0, -0.04644439, -0.0, 1, 3e-08, 0.04644439, 3e-08, -0.99892086)}, {["PlayerAnims"] = {{["Id"] = "rbxassetid://14516273501", ["Name"] = "Animation1", ["Time"] = 1.67083812}}, ["DummyCFrame"] = CFrame.new(149.55697632, 440.75671387, 29.74264145, 0.92388153, 0, 0.38267857, 0, 1, 0, -0.38267857, 0, 0.92388153), ["Time"] = 0.01639128, ["DummyAnims"] = {}, ["PlayerCFrame"] = CFrame.new(149.26635742, 440.75439453, 25.68900871, -0.99887955, 0.0, -0.04732509, -0.0, 1, 2e-08, 0.04732509, 2e-08, -0.99887955)}, {["PlayerAnims"] = {{["Id"] = "rbxassetid://14516273501", ["Name"] = "Animation1", ["Time"] = 1.67500484}}, ["DummyCFrame"] = CFrame.new(149.55697632, 440.75671387, 29.74264145, 0.92388153, 0, 0.38267857, 0, 1, 0, -0.38267857, 0, 0.92388153), ["Time"] = 0.01971197, ["DummyAnims"] = {}, ["PlayerCFrame"] = CFrame.new(149.26635742, 440.75439453, 25.68900871, -0.99887955, 0.0, -0.04732509, 0.0, 1, 1e-08, 0.04732509, 1e-08, -0.99887955)}, {["PlayerAnims"] = {{["Id"] = "rbxassetid://14516273501", ["Name"] = "Animation1", ["Time"] = 1.67917156}}, ["DummyCFrame"] = CFrame.new(149.55697632, 440.75671387, 29.74264145, 0.92388153, 0, 0.38267857, 0, 1, 0, -0.38267857, 0, 0.92388153), ["Time"] = 0.02437305, ["DummyAnims"] = {}, ["PlayerCFrame"] = CFrame.new(149.26635742, 440.75439453, 25.68900871, -0.99887955, 0.0, -0.04732509, 0.0, 1, 1e-08, 0.04732509, 1e-08, -0.99887955)}, {["PlayerAnims"] = {{["Id"] = "rbxassetid://14516273501", ["Name"] = "Animation1", ["Time"] = 1.68333828}}, ["DummyCFrame"] = CFrame.new(149.55697632, 440.75671387, 29.74264145, 0.92388153, 0, 0.38267857, 0, 1, 0, -0.38267857, 0, 0.92388153), ["Time"] = 0.02803731, ["DummyAnims"] = {}, ["PlayerCFrame"] = CFrame.new(149.26635742, 440.75439453, 25.68900871, -0.99883741, 0.0, -0.04820576, 0.0, 1, -0.0, 0.04820576, -0.0, -0.99883741)}, {["PlayerAnims"] = {{["Id"] = "rbxassetid://14516273501", ["Name"] = "Animation1", ["Time"] = 1.68750501}}, ["DummyCFrame"] = CFrame.new(149.55697632, 440.75671387, 29.74264145, 0.92388153, 0, 0.38267857, 0, 1, 0, -0.38267857, 0, 0.92388153), ["Time"] = 0.03135657, ["DummyAnims"] = {}, ["PlayerCFrame"] = CFrame.new(149.26635742, 440.75439453, 25.68900871, -0.99883741, -0.0, -0.04820576, 0.0, 1, -1e-08, 0.04820576, -1e-08, -0.99883741)}, {["PlayerAnims"] = {{["Id"] = "rbxassetid://14516273501", ["Name"] = "Animation1", ["Time"] = 1.69167173}}, ["DummyCFrame"] = CFrame.new(149.55697632, 440.75671387, 29.74264145, 0.92388153, 0, 0.38267857, 0, 1, 0, -0.38267857, 0, 0.92388153), ["Time"] = 0.03556752, ["DummyAnims"] = {}, ["PlayerCFrame"] = CFrame.new(149.26635742, 440.75439453, 25.68900871, -0.99883741, -0.0, -0.04820552, 0.0, 1, -2e-08, 0.04820552, -2e-08, -0.99883741)}, {["PlayerAnims"] = {{["Id"] = "rbxassetid://14516273501", ["Name"] = "Animation1", ["Time"] = 1.69583845}}, ["DummyCFrame"] = CFrame.new(149.55697632, 440.75671387, 29.74264145, 0.92388153, 0, 0.38267857, 0, 1, 0, -0.38267857, 0, 0.92388153), ["Time"] = 0.03908849, ["DummyAnims"] = {}, ["PlayerCFrame"] = CFrame.new(149.26635742, 440.75439453, 25.68900871, -0.99883741, -0.0, -0.04820552, 0.0, 1, -2e-08, 0.04820552, -2e-08, -0.99883741)}, {["PlayerAnims"] = {{["Id"] = "rbxassetid://14516273501", ["Name"] = "Animation1", ["Time"] = 1.70000517}}, ["DummyCFrame"] = CFrame.new(149.55697632, 440.75671387, 29.74264145, 0.92388153, 0, 0.38267857, 0, 1, 0, -0.38267857, 0, 0.92388153), ["Time"] = 0.04396605, ["DummyAnims"] = {}, ["PlayerCFrame"] = CFrame.new(149.26635742, 440.75439453, 25.68900871, -0.99879456, -0.0, -0.04908592, 0.0, 1, -3e-08, 0.04908592, -3e-08, -0.99879456)}, {["PlayerAnims"] = {{["Id"] = "rbxassetid://14516273501", ["Name"] = "Animation1", ["Time"] = 1.7041719}}, ["DummyCFrame"] = CFrame.new(149.55697632, 440.75671387, 29.74264145, 0.92388153, 0, 0.38267857, 0, 1, 0, -0.38267857, 0, 0.92388153), ["Time"] = 0.04834795, ["DummyAnims"] = {}, ["PlayerCFrame"] = CFrame.new(149.26635742, 440.75439453, 25.68900871, -0.99879456, -0.0, -0.04908615, 0.0, 1, -4e-08, 0.04908615, -4e-08, -0.99879456)}, {["PlayerAnims"] = {{["Id"] = "rbxassetid://14516273501", ["Name"] = "Animation1", ["Time"] = 1.70833862}}, ["DummyCFrame"] = CFrame.new(149.55697632, 440.75671387, 29.74264145, 0.92388153, 0, 0.38267857, 0, 1, 0, -0.38267857, 0, 0.92388153), ["Time"] = 0.05235481, ["DummyAnims"] = {}, ["PlayerCFrame"] = CFrame.new(149.26635742, 440.75439453, 25.68900871, -0.99875087, -0.0, -0.04996651, 0.0, 1, -5e-08, 0.04996651, -5e-08, -0.99875087)}, {["PlayerAnims"] = {{["Id"] = "rbxassetid://14516273501", ["Name"] = "Animation1", ["Time"] = 1.71250534}}, ["DummyCFrame"] = CFrame.new(149.55697632, 440.75671387, 29.74264145, 0.92388153, 0, 0.38267857, 0, 1, 0, -0.38267857, 0, 0.92388153), ["Time"] = 0.05610538, ["DummyAnims"] = {}, ["PlayerCFrame"] = CFrame.new(149.26635742, 440.75439453, 25.68900871, -0.99875087, -0.0, -0.04996651, 0.0, 1, -6e-08, 0.04996651, -6e-08, -0.99875087)}, {["PlayerAnims"] = {{["Id"] = "rbxassetid://14516273501", ["Name"] = "Animation1", ["Time"] = 1.71667206}}, ["DummyCFrame"] = CFrame.new(149.55697632, 440.75671387, 29.74264145, 0.92388153, 0, 0.38267857, 0, 1, 0, -0.38267857, 0, 0.92388153), ["Time"] = 0.06141853, ["DummyAnims"] = {}, ["PlayerCFrame"] = CFrame.new(149.26635742, 440.75439453, 25.68900871, -0.99870646, -0.0, -0.05084658, 0.0, 1, -6e-08, 0.05084658, -6e-08, -0.99870646)}, {["PlayerAnims"] = {{["Id"] = "rbxassetid://14516273501", ["Name"] = "Animation1", ["Time"] = 1.72083879}}, ["DummyCFrame"] = CFrame.new(149.55697632, 440.75671387, 29.74264145, 0.92388153, 0, 0.38267857, 0, 1, 0, -0.38267857, 0, 0.92388153), ["Time"] = 0.06519818, ["DummyAnims"] = {}, ["PlayerCFrame"] = CFrame.new(149.26635742, 440.75439453, 25.68900871, -0.99870646, -0.0, -0.05084634, 0.0, 1, -7e-08, 0.05084634, -7e-08, -0.99870646)}, {["PlayerAnims"] = {{["Id"] = "rbxassetid://14516273501", ["Name"] = "Animation1", ["Time"] = 1.72500551}}, ["DummyCFrame"] = CFrame.new(149.55697632, 440.75671387, 29.74264145, 0.92388153, 0, 0.38267857, 0, 1, 0, -0.38267857, 0, 0.92388153), ["Time"] = 0.06861353, ["DummyAnims"] = {}, ["PlayerCFrame"] = CFrame.new(149.26635742, 440.75439453, 25.68900871, -0.99870646, -0.0, -0.05084634, 0.0, 1, -8e-08, 0.05084634, -8e-08, -0.99870646)}, {["PlayerAnims"] = {{["Id"] = "rbxassetid://14516273501", ["Name"] = "Animation1", ["Time"] = 1.72917223}}, ["DummyCFrame"] = CFrame.new(149.55697632, 440.75671387, 29.74264145, 0.92388153, 0, 0.38267857, 0, 1, 0, -0.38267857, 0, 0.92388153), ["Time"] = 0.07399774, ["DummyAnims"] = {}, ["PlayerCFrame"] = CFrame.new(149.26635742, 440.75439453, 25.68900871, -0.99861526, -0.0, -0.05260732, 0.0, 1, -9e-08, 0.05260732, -9e-08, -0.99861526)}, {["PlayerAnims"] = {{["Id"] = "rbxassetid://14516273501", ["Name"] = "Animation1", ["Time"] = 1.73333895}}, ["DummyCFrame"] = CFrame.new(149.55697632, 440.75671387, 29.74264145, 0.92388153, 0, 0.38267857, 0, 1, 0, -0.38267857, 0, 0.92388153), ["Time"] = 0.0776844, ["DummyAnims"] = {}, ["PlayerCFrame"] = CFrame.new(149.26635742, 440.75439453, 25.68900871, -0.99861526, -0.0, -0.05260732, 0.0, 1, -9e-08, 0.05260732, -9e-08, -0.99861526)}, {["PlayerAnims"] = {{["Id"] = "rbxassetid://14516273501", ["Name"] = "Animation1", ["Time"] = 1.73750567}}, ["DummyCFrame"] = CFrame.new(149.55697632, 440.75671387, 29.74264145, 0.92388153, 0, 0.38267857, 0, 1, 0, -0.38267857, 0, 0.92388153), ["Time"] = 0.0815177, ["DummyAnims"] = {}, ["PlayerCFrame"] = CFrame.new(149.26635742, 440.75439453, 25.68900871, -0.99856853, -0.0, -0.05348704, 0.0, 1, -1e-07, 0.05348704, -1e-07, -0.99856853)}, {["PlayerAnims"] = {{["Id"] = "rbxassetid://14516273501", ["Name"] = "Animation1", ["Time"] = 1.7416724}}, ["DummyCFrame"] = CFrame.new(149.55697632, 440.75671387, 29.74264145, 0.92388153, 0, 0.38267857, 0, 1, 0, -0.38267857, 0, 0.92388153), ["Time"] = 0.08582664, ["DummyAnims"] = {}, ["PlayerCFrame"] = CFrame.new(149.26635742, 440.75439453, 25.68900871, -0.99856853, -0.0, -0.05348704, 0.0, 1, -1.1e-07, 0.05348704, -1.1e-07, -0.99856853)}, {["PlayerAnims"] = {{["Id"] = "rbxassetid://14516273501", ["Name"] = "Animation1", ["Time"] = 1.74583912}}, ["DummyCFrame"] = CFrame.new(149.55697632, 440.75671387, 29.74264145, 0.92388153, 0, 0.38267857, 0, 1, 0, -0.38267857, 0, 0.92388153), ["Time"] = 0.09040737, ["DummyAnims"] = {}, ["PlayerCFrame"] = CFrame.new(149.26635742, 440.75439453, 25.68900871, -0.99856853, -0.0, -0.05348704, 0.0, 1, -1.2e-07, 0.05348704, -1.2e-07, -0.99856853)}, {["PlayerAnims"] = {{["Id"] = "rbxassetid://14516273501", ["Name"] = "Animation1", ["Time"] = 1.75000584}}, ["DummyCFrame"] = CFrame.new(149.55697632, 440.75671387, 29.74264145, 0.92388153, 0, 0.38267857, 0, 1, 0, -0.38267857, 0, 0.92388153), ["Time"] = 0.09481239, ["DummyAnims"] = {}, ["PlayerCFrame"] = CFrame.new(149.26635742, 440.75439453, 25.68900871, -0.99856853, -0.0, -0.05348728, 0.0, 1, -1.1e-07, 0.05348728, -1.1e-07, -0.99856853)}, {["PlayerAnims"] = {{["Id"] = "rbxassetid://14516273501", ["Name"] = "Animation1", ["Time"] = 1.75417256}}, ["DummyCFrame"] = CFrame.new(149.55697632, 440.75671387, 29.74264145, 0.92388153, 0, 0.38267857, 0, 1, 0, -0.38267857, 0, 0.92388153), ["Time"] = 0.0982604, ["DummyAnims"] = {}, ["PlayerCFrame"] = CFrame.new(149.26635742, 440.75439453, 25.68900871, -0.99856853, -0.0, -0.05348728, 0.0, 1, -1e-07, 0.05348728, -1e-07, -0.99856853)}, {["PlayerAnims"] = {{["Id"] = "rbxassetid://14516273501", ["Name"] = "Animation1", ["Time"] = 1.75833929}}, ["DummyCFrame"] = CFrame.new(149.55697632, 440.75671387, 29.74264145, 0.92388153, 0, 0.38267857, 0, 1, 0, -0.38267857, 0, 0.92388153), ["Time"] = 0.10188842, ["DummyAnims"] = {}, ["PlayerCFrame"] = CFrame.new(149.26635742, 440.75439453, 25.68900871, -0.99856853, -0.0, -0.05348728, 0.0, 1, -9e-08, 0.05348728, -9e-08, -0.99856853)}, {["PlayerAnims"] = {{["Id"] = "rbxassetid://14516273501", ["Name"] = "Animation1", ["Time"] = 1.76250601}}, ["DummyCFrame"] = CFrame.new(149.55697632, 440.75671387, 29.74264145, 0.92388153, 0, 0.38267857, 0, 1, 0, -0.38267857, 0, 0.92388153), ["Time"] = 0.1070292, ["DummyAnims"] = {}, ["PlayerCFrame"] = CFrame.new(149.26635742, 440.75439453, 25.68900871, -0.99852103, -0.0, -0.0543672, 0.0, 1, -8e-08, 0.0543672, -8e-08, -0.99852103)}, {["PlayerAnims"] = {{["Id"] = "rbxassetid://14516273501", ["Name"] = "Animation1", ["Time"] = 1.76667273}}, ["DummyCFrame"] = CFrame.new(149.55697632, 440.75671387, 29.74264145, 0.92388153, 0, 0.38267857, 0, 1, 0, -0.38267857, 0, 0.92388153), ["Time"] = 0.11034489, ["DummyAnims"] = {}, ["PlayerCFrame"] = CFrame.new(149.26635742, 440.75439453, 25.68900871, -0.99852103, -0.0, -0.0543672, 0.0, 1, -7e-08, 0.0543672, -7e-08, -0.99852103)}, {["PlayerAnims"] = {{["Id"] = "rbxassetid://14516273501", ["Name"] = "Animation1", ["Time"] = 1.77083945}}, ["DummyCFrame"] = CFrame.new(149.55697632, 440.75671387, 29.74264145, 0.92388153, 0, 0.38267857, 0, 1, 0, -0.38267857, 0, 0.92388153), ["Time"] = 0.11445022, ["DummyAnims"] = {}, ["PlayerCFrame"] = CFrame.new(149.26635742, 440.75439453, 25.68900871, -0.99852103, -0.0, -0.0543672, 0.0, 1, -6e-08, 0.0543672, -6e-08, -0.99852103)}, {["PlayerAnims"] = {{["Id"] = "rbxassetid://14516273501", ["Name"] = "Animation1", ["Time"] = 1.77500618}}, ["DummyCFrame"] = CFrame.new(149.55697632, 440.75671387, 29.74264145, 0.92388153, 0, 0.38267857, 0, 1, 0, -0.38267857, 0, 0.92388153), ["Time"] = 0.11805773, ["DummyAnims"] = {}, ["PlayerCFrame"] = CFrame.new(149.26635742, 440.75439453, 25.68900871, -0.99852103, -0.0, -0.0543672, 0.0, 1, -5e-08, 0.0543672, -5e-08, -0.99852103)}, {["PlayerAnims"] = {{["Id"] = "rbxassetid://14516273501", ["Name"] = "Animation1", ["Time"] = 1.7791729}}, ["DummyCFrame"] = CFrame.new(149.55697632, 440.75671387, 29.74264145, 0.92388153, 0, 0.38267857, 0, 1, 0, -0.38267857, 0, 0.92388153), ["Time"] = 0.12300515, ["DummyAnims"] = {}, ["PlayerCFrame"] = CFrame.new(149.26635742, 440.75439453, 25.68900871, -0.99852103, -0.0, -0.0543672, 0.0, 1, -4e-08, 0.0543672, -4e-08, -0.99852103)}, {["PlayerAnims"] = {{["Id"] = "rbxassetid://14516273501", ["Name"] = "Animation1", ["Time"] = 1.78333962}}, ["DummyCFrame"] = CFrame.new(149.55697632, 440.75671387, 29.74264145, 0.92388153, 0, 0.38267857, 0, 1, 0, -0.38267857, 0, 0.92388153), ["Time"] = 0.12676358, ["DummyAnims"] = {}, ["PlayerCFrame"] = CFrame.new(149.26635742, 440.75439453, 25.68900871, -0.99852103, -0.0, -0.0543672, 0.0, 1, -3e-08, 0.0543672, -3e-08, -0.99852103)}, {["PlayerAnims"] = {{["Id"] = "rbxassetid://14516273501", ["Name"] = "Animation1", ["Time"] = 1.78750634}}, ["DummyCFrame"] = CFrame.new(149.55697632, 440.75671387, 29.74264145, 0.92388153, 0, 0.38267857, 0, 1, 0, -0.38267857, 0, 0.92388153), ["Time"] = 0.13113713, ["DummyAnims"] = {}, ["PlayerCFrame"] = CFrame.new(149.26635742, 440.75439453, 25.68900871, -0.99852103, -0.0, -0.0543672, 0.0, 1, -2e-08, 0.0543672, -2e-08, -0.99852103)}, {["PlayerAnims"] = {{["Id"] = "rbxassetid://14516273501", ["Name"] = "Animation1", ["Time"] = 1.79167306}}, ["DummyCFrame"] = CFrame.new(149.55697632, 440.75671387, 29.74264145, 0.92388153, 0, 0.38267857, 0, 1, 0, -0.38267857, 0, 0.92388153), ["Time"] = 0.13521218, ["DummyAnims"] = {}, ["PlayerCFrame"] = CFrame.new(149.26635742, 440.75439453, 25.68900871, -0.99852103, -0.0, -0.0543672, 0.0, 1, -1e-08, 0.0543672, -1e-08, -0.99852103)}, {["PlayerAnims"] = {{["Id"] = "rbxassetid://14516273501", ["Name"] = "Animation1", ["Time"] = 1.79583979}}, ["DummyCFrame"] = CFrame.new(149.55697632, 440.75671387, 29.74264145, 0.92388153, 0, 0.38267857, 0, 1, 0, -0.38267857, 0, 0.92388153), ["Time"] = 0.13962626, ["DummyAnims"] = {}, ["PlayerCFrame"] = CFrame.new(149.26635742, 440.75439453, 25.68900871, -0.99852103, -0.0, -0.0543672, -0.0, 1, -0.0, 0.0543672, -0.0, -0.99852103)}, {["PlayerAnims"] = {{["Id"] = "rbxassetid://14516273501", ["Name"] = "Animation1", ["Time"] = 1.80000651}}, ["DummyCFrame"] = CFrame.new(149.55697632, 440.75671387, 29.74264145, 0.92388153, 0, 0.38267857, 0, 1, 0, -0.38267857, 0, 0.92388153), ["Time"] = 0.14394474, ["DummyAnims"] = {}, ["PlayerCFrame"] = CFrame.new(149.26635742, 440.75439453, 25.68900871, -0.99852103, 0.0, -0.0543672, -0.0, 1, 1e-08, 0.0543672, 1e-08, -0.99852103)}, {["PlayerAnims"] = {{["Id"] = "rbxassetid://14516273501", ["Name"] = "Animation1", ["Time"] = 1.80417323}}, ["DummyCFrame"] = CFrame.new(149.55697632, 440.75671387, 29.74264145, 0.92388153, 0, 0.38267857, 0, 1, 0, -0.38267857, 0, 0.92388153), ["Time"] = 0.14788461, ["DummyAnims"] = {}, ["PlayerCFrame"] = CFrame.new(149.26635742, 440.75439453, 25.68900871, -0.99852103, 0.0, -0.0543672, -0.0, 1, 2e-08, 0.0543672, 2e-08, -0.99852103)}, {["PlayerAnims"] = {{["Id"] = "rbxassetid://14516273501", ["Name"] = "Animation1", ["Time"] = 1.80833995}}, ["DummyCFrame"] = CFrame.new(149.55697632, 440.75671387, 29.74264145, 0.92388153, 0, 0.38267857, 0, 1, 0, -0.38267857, 0, 0.92388153), ["Time"] = 0.15422845, ["DummyAnims"] = {}, ["PlayerCFrame"] = CFrame.new(149.26635742, 440.75439453, 25.68900871, -0.99852103, 0.0, -0.0543672, -0.0, 1, 3e-08, 0.0543672, 3e-08, -0.99852103)}, {["PlayerAnims"] = {{["Id"] = "rbxassetid://14516273501", ["Name"] = "Animation1", ["Time"] = 1.81250668}}, ["DummyCFrame"] = CFrame.new(149.55697632, 440.75671387, 29.74264145, 0.92388153, 0, 0.38267857, 0, 1, 0, -0.38267857, 0, 0.92388153), ["Time"] = 0.15738177, ["DummyAnims"] = {}, ["PlayerCFrame"] = CFrame.new(149.26635742, 440.75439453, 25.68900871, -0.99852103, 0.0, -0.0543672, -0.0, 1, 4e-08, 0.0543672, 4e-08, -0.99852103)}, {["PlayerAnims"] = {{["Id"] = "rbxassetid://14516273501", ["Name"] = "Animation1", ["Time"] = 1.8166734}}, ["DummyCFrame"] = CFrame.new(149.55697632, 440.75671387, 29.74264145, 0.92388153, 0, 0.38267857, 0, 1, 0, -0.38267857, 0, 0.92388153), ["Time"] = 0.16088796, ["DummyAnims"] = {}, ["PlayerCFrame"] = CFrame.new(149.26635742, 440.75439453, 25.68900871, -0.99852103, 0.0, -0.0543672, -0.0, 1, 5e-08, 0.0543672, 5e-08, -0.99852103)}, {["PlayerAnims"] = {{["Id"] = "rbxassetid://14516273501", ["Name"] = "Animation1", ["Time"] = 1.82084012}}, ["DummyCFrame"] = CFrame.new(149.55697632, 440.75671387, 29.74264145, 0.92388153, 0, 0.38267857, 0, 1, 0, -0.38267857, 0, 0.92388153), ["Time"] = 0.16579032, ["DummyAnims"] = {}, ["PlayerCFrame"] = CFrame.new(149.26635742, 440.75439453, 25.68900871, -0.99847269, 0.0, -0.05524706, -0.0, 1, 6e-08, 0.05524706, 6e-08, -0.99847269)}, {["PlayerAnims"] = {{["Id"] = "rbxassetid://14516273501", ["Name"] = "Animation1", ["Time"] = 1.82500684}}, ["DummyCFrame"] = CFrame.new(149.55697632, 440.75671387, 29.74264145, 0.92388153, 0, 0.38267857, 0, 1, 0, -0.38267857, 0, 0.92388153), ["Time"] = 0.16916728, ["DummyAnims"] = {}, ["PlayerCFrame"] = CFrame.new(149.26635742, 440.75439453, 25.68900871, -0.99847269, 0.0, -0.05524706, -0.0, 1, 7e-08, 0.05524706, 7e-08, -0.99847269)}, {["PlayerAnims"] = {{["Id"] = "rbxassetid://14516273501", ["Name"] = "Animation1", ["Time"] = 1.82917356}}, ["DummyCFrame"] = CFrame.new(149.55697632, 440.75671387, 29.74264145, 0.92388153, 0, 0.38267857, 0, 1, 0, -0.38267857, 0, 0.92388153), ["Time"] = 0.17204499, ["DummyAnims"] = {}, ["PlayerCFrame"] = CFrame.new(149.26635742, 440.75439453, 25.68900871, -0.99847269, 0.0, -0.05524706, -0.0, 1, 8e-08, 0.05524706, 8e-08, -0.99847269)}, {["PlayerAnims"] = {{["Id"] = "rbxassetid://14516273501", ["Name"] = "Animation1", ["Time"] = 1.83334029}}, ["DummyCFrame"] = CFrame.new(149.55697632, 440.75671387, 29.74264145, 0.92388153, 0, 0.38267857, 0, 1, 0, -0.38267857, 0, 0.92388153), ["Time"] = 0.17812657, ["DummyAnims"] = {}, ["PlayerCFrame"] = CFrame.new(149.26635742, 440.75439453, 25.68900871, -0.99847269, 0.0, -0.05524706, -0.0, 1, 9e-08, 0.05524706, 9e-08, -0.99847269)}, {["PlayerAnims"] = {{["Id"] = "rbxassetid://14516273501", ["Name"] = "Animation1", ["Time"] = 1.83750701}}, ["DummyCFrame"] = CFrame.new(149.55697632, 440.75671387, 29.74264145, 0.92388153, 0, 0.38267857, 0, 1, 0, -0.38267857, 0, 0.92388153), ["Time"] = 0.18091416, ["DummyAnims"] = {}, ["PlayerCFrame"] = CFrame.new(149.26635742, 440.75439453, 25.68900871, -0.99847269, 0.0, -0.05524706, -0.0, 1, 1e-07, 0.05524706, 1e-07, -0.99847269)}, {["PlayerAnims"] = {{["Id"] = "rbxassetid://14516273501", ["Name"] = "Animation1", ["Time"] = 1.84167373}}, ["DummyCFrame"] = CFrame.new(149.55697632, 440.75671387, 29.74264145, 0.92388153, 0, 0.38267857, 0, 1, 0, -0.38267857, 0, 0.92388153), ["Time"] = 0.18534398, ["DummyAnims"] = {}, ["PlayerCFrame"] = CFrame.new(149.26635742, 440.75439453, 25.68900871, -0.99847269, 0.0, -0.05524706, -0.0, 1, 1.1e-07, 0.05524706, 1.1e-07, -0.99847269)}, {["PlayerAnims"] = {{["Id"] = "rbxassetid://14516273501", ["Name"] = "Animation1", ["Time"] = 1.84584045}}, ["DummyCFrame"] = CFrame.new(149.55697632, 440.75671387, 29.74264145, 0.92388153, 0, 0.38267857, 0, 1, 0, -0.38267857, 0, 0.92388153), ["Time"] = 0.19004059, ["DummyAnims"] = {}, ["PlayerCFrame"] = CFrame.new(149.26635742, 440.75439453, 25.68900871, -0.99847269, 0.0, -0.05524706, -0.0, 1, 1.2e-07, 0.05524706, 1.2e-07, -0.99847269)}, {["PlayerAnims"] = {{["Id"] = "rbxassetid://14516273501", ["Name"] = "Animation1", ["Time"] = 1.85000718}}, ["DummyCFrame"] = CFrame.new(149.55697632, 440.75671387, 29.74264145, 0.92388153, 0, 0.38267857, 0, 1, 0, -0.38267857, 0, 0.92388153), ["Time"] = 0.19415236, ["DummyAnims"] = {}, ["PlayerCFrame"] = CFrame.new(149.26635742, 440.75439453, 25.68900871, -0.99842364, 0.0, -0.0561269, -0.0, 1, 1.1e-07, 0.0561269, 1.1e-07, -0.99842364)}, {["PlayerAnims"] = {{["Id"] = "rbxassetid://14516273501", ["Name"] = "Animation1", ["Time"] = 1.8541739}}, ["DummyCFrame"] = CFrame.new(149.55697632, 440.75671387, 29.74264145, 0.92388153, 0, 0.38267857, 0, 1, 0, -0.38267857, 0, 0.92388153), ["Time"] = 0.19738722, ["DummyAnims"] = {}, ["PlayerCFrame"] = CFrame.new(149.26635742, 440.75439453, 25.68900871, -0.99842364, 0.0, -0.0561269, -0.0, 1, 1e-07, 0.0561269, 1e-07, -0.99842364)}, {["PlayerAnims"] = {{["Id"] = "rbxassetid://14516273501", ["Name"] = "Animation1", ["Time"] = 1.85834062}}, ["DummyCFrame"] = CFrame.new(149.55697632, 440.75671387, 29.74264145, 0.92388153, 0, 0.38267857, 0, 1, 0, -0.38267857, 0, 0.92388153), ["Time"] = 0.20200348, ["DummyAnims"] = {}, ["PlayerCFrame"] = CFrame.new(149.26635742, 440.75439453, 25.68900871, -0.99842364, 0.0, -0.0561269, -0.0, 1, 9e-08, 0.0561269, 9e-08, -0.99842364)}, {["PlayerAnims"] = {{["Id"] = "rbxassetid://14516273501", ["Name"] = "Animation1", ["Time"] = 1.86250734}}, ["DummyCFrame"] = CFrame.new(149.55697632, 440.75671387, 29.74264145, 0.92388153, 0, 0.38267857, 0, 1, 0, -0.38267857, 0, 0.92388153), ["Time"] = 0.20580387, ["DummyAnims"] = {}, ["PlayerCFrame"] = CFrame.new(149.26635742, 440.75439453, 25.68900871, -0.99842364, 0.0, -0.0561269, -0.0, 1, 8e-08, 0.0561269, 8e-08, -0.99842364)}, {["PlayerAnims"] = {{["Id"] = "rbxassetid://14516273501", ["Name"] = "Animation1", ["Time"] = 1.86667407}}, ["DummyCFrame"] = CFrame.new(149.55697632, 440.75671387, 29.74264145, 0.92388153, 0, 0.38267857, 0, 1, 0, -0.38267857, 0, 0.92388153), ["Time"] = 0.21054029, ["DummyAnims"] = {}, ["PlayerCFrame"] = CFrame.new(149.26635742, 440.75439453, 25.68900871, -0.99842364, 0.0, -0.0561269, -0.0, 1, 7e-08, 0.0561269, 7e-08, -0.99842364)}, {["PlayerAnims"] = {{["Id"] = "rbxassetid://14516273501", ["Name"] = "Animation1", ["Time"] = 1.87084079}}, ["DummyCFrame"] = CFrame.new(149.55697632, 440.75671387, 29.74264145, 0.92388153, 0, 0.38267857, 0, 1, 0, -0.38267857, 0, 0.92388153), ["Time"] = 0.21486998, ["DummyAnims"] = {}, ["PlayerCFrame"] = CFrame.new(149.26635742, 440.75439453, 25.68900871, -0.99842364, 0.0, -0.0561269, -0.0, 1, 7e-08, 0.0561269, 7e-08, -0.99842364)}, {["PlayerAnims"] = {{["Id"] = "rbxassetid://14516273501", ["Name"] = "Animation1", ["Time"] = 1.87500751}}, ["DummyCFrame"] = CFrame.new(149.55697632, 440.75671387, 29.74264145, 0.92388153, 0, 0.38267857, 0, 1, 0, -0.38267857, 0, 0.92388153), ["Time"] = 0.218539, ["DummyAnims"] = {}, ["PlayerCFrame"] = CFrame.new(149.26635742, 440.75439453, 25.68900871, -0.99842364, 0.0, -0.0561269, -0.0, 1, 6e-08, 0.0561269, 6e-08, -0.99842364)}, {["PlayerAnims"] = {{["Id"] = "rbxassetid://14516273501", ["Name"] = "Animation1", ["Time"] = 1.87917423}}, ["DummyCFrame"] = CFrame.new(149.55697632, 440.75671387, 29.74264145, 0.92388153, 0, 0.38267857, 0, 1, 0, -0.38267857, 0, 0.92388153), ["Time"] = 0.22276211, ["DummyAnims"] = {}, ["PlayerCFrame"] = CFrame.new(149.26635742, 440.75439453, 25.68900871, -0.99842364, 0.0, -0.0561269, -0.0, 1, 5e-08, 0.0561269, 5e-08, -0.99842364)}, {["PlayerAnims"] = {{["Id"] = "rbxassetid://14516273501", ["Name"] = "Animation1", ["Time"] = 1.88334095}}, ["DummyCFrame"] = CFrame.new(149.55697632, 440.75671387, 29.74264145, 0.92388153, 0, 0.38267857, 0, 1, 0, -0.38267857, 0, 0.92388153), ["Time"] = 0.22798252, ["DummyAnims"] = {}, ["PlayerCFrame"] = CFrame.new(149.26635742, 440.75439453, 25.68900871, -0.99842364, 0.0, -0.0561269, -0.0, 1, 4e-08, 0.0561269, 4e-08, -0.99842364)}, {["PlayerAnims"] = {{["Id"] = "rbxassetid://14516273501", ["Name"] = "Animation1", ["Time"] = 1.88750768}}, ["DummyCFrame"] = CFrame.new(149.55697632, 440.75671387, 29.74264145, 0.92388153, 0, 0.38267857, 0, 1, 0, -0.38267857, 0, 0.92388153), ["Time"] = 0.23138046, ["DummyAnims"] = {}, ["PlayerCFrame"] = CFrame.new(149.26635742, 440.75439453, 25.68900871, -0.99842364, 0.0, -0.0561269, -0.0, 1, 3e-08, 0.0561269, 3e-08, -0.99842364)}, {["PlayerAnims"] = {{["Id"] = "rbxassetid://14516273501", ["Name"] = "Animation1", ["Time"] = 1.8916744}}, ["DummyCFrame"] = CFrame.new(149.55697632, 440.75671387, 29.74264145, 0.92388153, 0, 0.38267857, 0, 1, 0, -0.38267857, 0, 0.92388153), ["Time"] = 0.23545742, ["DummyAnims"] = {}, ["PlayerCFrame"] = CFrame.new(149.26635742, 440.75439453, 25.68900871, -0.99842364, 0.0, -0.0561269, -0.0, 1, 2e-08, 0.0561269, 2e-08, -0.99842364)}, {["PlayerAnims"] = {{["Id"] = "rbxassetid://14516273501", ["Name"] = "Animation1", ["Time"] = 1.89584112}}, ["DummyCFrame"] = CFrame.new(149.55697632, 440.75671387, 29.74264145, 0.92388153, 0, 0.38267857, 0, 1, 0, -0.38267857, 0, 0.92388153), ["Time"] = 0.24085689, ["DummyAnims"] = {}, ["PlayerCFrame"] = CFrame.new(149.26635742, 440.75439453, 25.68900871, -0.99842364, 0.0, -0.05612713, -0.0, 1, 1e-08, 0.05612713, 1e-08, -0.99842364)}, {["PlayerAnims"] = {{["Id"] = "rbxassetid://14516273501", ["Name"] = "Animation1", ["Time"] = 1.90000784}}, ["DummyCFrame"] = CFrame.new(149.55697632, 440.75671387, 29.74264145, 0.92388153, 0, 0.38267857, 0, 1, 0, -0.38267857, 0, 0.92388153), ["Time"] = 0.24467635, ["DummyAnims"] = {}, ["PlayerCFrame"] = CFrame.new(149.26635742, 440.75439453, 25.68900871, -0.99842364, 0.0, -0.05612713, -0.0, 1, 1e-08, 0.05612713, 1e-08, -0.99842364)}, {["PlayerAnims"] = {{["Id"] = "rbxassetid://14516273501", ["Name"] = "Animation1", ["Time"] = 1.90417457}}, ["DummyCFrame"] = CFrame.new(149.55697632, 440.75671387, 29.74264145, 0.92388153, 0, 0.38267857, 0, 1, 0, -0.38267857, 0, 0.92388153), ["Time"] = 0.24794602, ["DummyAnims"] = {}, ["PlayerCFrame"] = CFrame.new(149.26635742, 440.75439453, 25.68900871, -0.99842364, -0.0, -0.05612737, -0.0, 1, -0.0, 0.05612737, -0.0, -0.99842364)}, {["PlayerAnims"] = {{["Id"] = "rbxassetid://14516273501", ["Name"] = "Animation1", ["Time"] = 1.90834129}}, ["DummyCFrame"] = CFrame.new(149.55697632, 440.75671387, 29.74264145, 0.92388153, 0, 0.38267857, 0, 1, 0, -0.38267857, 0, 0.92388153), ["Time"] = 0.25198174, ["DummyAnims"] = {}, ["PlayerCFrame"] = CFrame.new(149.26635742, 440.75439453, 25.68900871, -0.99842364, -0.0, -0.05612737, 0.0, 1, -1e-08, 0.05612737, -1e-08, -0.99842364)}, {["PlayerAnims"] = {{["Id"] = "rbxassetid://14516273501", ["Name"] = "Animation1", ["Time"] = 1.91667461}}, ["DummyCFrame"] = CFrame.new(149.55697632, 440.75671387, 29.74264145, 0.92388153, 0, 0.38267857, 0, 1, 0, -0.38267857, 0, 0.92388153), ["Time"] = 0.25933194, ["DummyAnims"] = {}, ["PlayerCFrame"] = CFrame.new(149.26635742, 440.75439453, 25.68900871, -0.99842364, -0.0, -0.05612737, 0.0, 1, -3e-08, 0.05612737, -3e-08, -0.99842364)}, {["PlayerAnims"] = {{["Id"] = "rbxassetid://14516273501", ["Name"] = "Animation1", ["Time"] = 1.92084134}, {["Id"] = "rbxassetid://10469493270", ["Name"] = "Animation", ["Time"] = 0.005}}, ["DummyCFrame"] = CFrame.new(149.55697632, 440.75671387, 29.74264145, 0.92388153, 0, 0.38267857, 0, 1, 0, -0.38267857, 0, 0.92388153), ["Time"] = 0.26529026, ["DummyAnims"] = {}, ["PlayerCFrame"] = CFrame.new(149.26635742, 440.75439453, 25.68900871, -0.99837381, -0.0, -0.05700692, 0.0, 1, -4e-08, 0.05700692, -4e-08, -0.99837381)}, {["PlayerAnims"] = {{["Id"] = "rbxassetid://14516273501", ["Name"] = "Animation1", ["Time"] = 1.92500806}, {["Id"] = "rbxassetid://10469493270", ["Name"] = "Animation", ["Time"] = 0.01}}, ["DummyCFrame"] = CFrame.new(149.55697632, 440.75671387, 29.74264145, 0.92388153, 0, 0.38267857, 0, 1, 0, -0.38267857, 0, 0.92388153), ["Time"] = 0.26886988, ["DummyAnims"] = {}, ["PlayerCFrame"] = CFrame.new(149.26635742, 440.75439453, 25.68900871, -0.99837381, -0.0, -0.05700692, 0.0, 1, -4e-08, 0.05700692, -4e-08, -0.99837381)}, {["PlayerAnims"] = {{["Id"] = "rbxassetid://14516273501", ["Name"] = "Animation1", ["Time"] = 1.92917478}, {["Id"] = "rbxassetid://10469493270", ["Name"] = "Animation", ["Time"] = 0.015}}, ["DummyCFrame"] = CFrame.new(149.55697632, 440.75671387, 29.74264145, 0.92388153, 0, 0.38267857, 0, 1, 0, -0.38267857, 0, 0.92388153), ["Time"] = 0.27466655, ["DummyAnims"] = {}, ["PlayerCFrame"] = CFrame.new(149.26635742, 440.75439453, 25.68900871, -0.99837381, -0.0, -0.05700692, 0.0, 1, -5e-08, 0.05700692, -5e-08, -0.99837381)}, {["PlayerAnims"] = {{["Id"] = "rbxassetid://14516273501", ["Name"] = "Animation1", ["Time"] = 1.93750811}, {["Id"] = "rbxassetid://10469493270", ["Name"] = "Animation", ["Time"] = 0.025}}, ["DummyCFrame"] = CFrame.new(149.55697632, 440.75671387, 29.74264145, 0.92388153, 0, 0.38267857, 0, 1, 0, -0.38267857, 0, 0.92388153), ["Time"] = 0.28126979, ["DummyAnims"] = {}, ["PlayerCFrame"] = CFrame.new(149.26635742, 440.75439453, 25.68900871, -0.99837381, -0.0, -0.05700692, 0.0, 1, -7e-08, 0.05700692, -7e-08, -0.99837381)}, {["PlayerAnims"] = {{["Id"] = "rbxassetid://14516273501", ["Name"] = "Animation1", ["Time"] = 1.94167483}, {["Id"] = "rbxassetid://10469493270", ["Name"] = "Animation", ["Time"] = 0.03}}, ["DummyCFrame"] = CFrame.new(149.55697632, 440.75671387, 29.74264145, 0.92388153, 0, 0.38267857, 0, 1, 0, -0.38267857, 0, 0.92388153), ["Time"] = 0.28593779, ["DummyAnims"] = {}, ["PlayerCFrame"] = CFrame.new(149.26635742, 440.75439453, 25.68900871, -0.99837381, -0.0, -0.05700692, 0.0, 1, -8e-08, 0.05700692, -8e-08, -0.99837381)}, {["PlayerAnims"] = {{["Id"] = "rbxassetid://14516273501", ["Name"] = "Animation1", ["Time"] = 1.94584155}, {["Id"] = "rbxassetid://10469493270", ["Name"] = "Animation", ["Time"] = 0.035}}, ["DummyCFrame"] = CFrame.new(149.55697632, 440.75671387, 29.74264145, 0.92388153, 0, 0.38267857, 0, 1, 0, -0.38267857, 0, 0.92388153), ["Time"] = 0.28912568, ["DummyAnims"] = {}, ["PlayerCFrame"] = CFrame.new(149.26635742, 440.75439453, 25.68900871, -0.99837381, -0.0, -0.05700692, 0.0, 1, -9e-08, 0.05700692, -9e-08, -0.99837381)}, {["PlayerAnims"] = {{["Id"] = "rbxassetid://14516273501", ["Name"] = "Animation1", ["Time"] = 1.95000827}, {["Id"] = "rbxassetid://10469493270", ["Name"] = "Animation", ["Time"] = 0.04}}, ["DummyCFrame"] = CFrame.new(149.55697632, 440.75671387, 29.74264145, 0.92388153, 0, 0.38267857, 0, 1, 0, -0.38267857, 0, 0.92388153), ["Time"] = 0.29382133, ["DummyAnims"] = {}, ["PlayerCFrame"] = CFrame.new(149.26635742, 440.75439453, 25.68900871, -0.99837381, -0.0, -0.05700692, 0.0, 1, -9e-08, 0.05700692, -9e-08, -0.99837381)}, {["PlayerAnims"] = {{["Id"] = "rbxassetid://14516273501", ["Name"] = "Animation1", ["Time"] = 1.954175}, {["Id"] = "rbxassetid://10469493270", ["Name"] = "Animation", ["Time"] = 0.045}}, ["DummyCFrame"] = CFrame.new(149.55697632, 440.75671387, 29.74264145, 0.92388153, 0, 0.38267857, 0, 1, 0, -0.38267857, 0, 0.92388153), ["Time"] = 0.29799986, ["DummyAnims"] = {}, ["PlayerCFrame"] = CFrame.new(149.26635742, 440.75439453, 25.68900871, -0.99837381, -0.0, -0.05700692, 0.0, 1, -1e-07, 0.05700692, -1e-07, -0.99837381)}, {["PlayerAnims"] = {{["Id"] = "rbxassetid://14516273501", ["Name"] = "Animation1", ["Time"] = 1.95834172}, {["Id"] = "rbxassetid://10469493270", ["Name"] = "Animation", ["Time"] = 0.05}}, ["DummyCFrame"] = CFrame.new(149.55697632, 440.75671387, 29.74264145, 0.92388153, 0, 0.38267857, 0, 1, 0, -0.38267857, 0, 0.92388153), ["Time"] = 0.30234265, ["DummyAnims"] = {}, ["PlayerCFrame"] = CFrame.new(149.26635742, 440.75439453, 25.68900871, -0.99837381, -0.0, -0.05700692, 0.0, 1, -1.1e-07, 0.05700692, -1.1e-07, -0.99837381)}, {["PlayerAnims"] = {{["Id"] = "rbxassetid://14516273501", ["Name"] = "Animation1", ["Time"] = 1.96250844}, {["Id"] = "rbxassetid://10469493270", ["Name"] = "Animation", ["Time"] = 0.055}}, ["DummyCFrame"] = CFrame.new(149.55697632, 440.75671387, 29.74264145, 0.92388153, 0, 0.38267857, 0, 1, 0, -0.38267857, 0, 0.92388153), ["Time"] = 0.30589128, ["DummyAnims"] = {}, ["PlayerCFrame"] = CFrame.new(149.26635742, 440.75439453, 25.68900871, -0.99837381, -0.0, -0.05700692, 0.0, 1, -1.2e-07, 0.05700692, -1.2e-07, -0.99837381)}, {["PlayerAnims"] = {{["Id"] = "rbxassetid://14516273501", ["Name"] = "Animation1", ["Time"] = 1.96667516}, {["Id"] = "rbxassetid://10469493270", ["Name"] = "Animation", ["Time"] = 0.06}}, ["DummyCFrame"] = CFrame.new(149.55697632, 440.75671387, 29.74264145, 0.92388153, 0, 0.38267857, 0, 1, 0, -0.38267857, 0, 0.92388153), ["Time"] = 0.31080914, ["DummyAnims"] = {}, ["PlayerCFrame"] = CFrame.new(149.26635742, 440.75439453, 25.68900871, -0.99837381, -0.0, -0.05700692, 0.0, 1, -1.1e-07, 0.05700692, -1.1e-07, -0.99837381)}, {["PlayerAnims"] = {{["Id"] = "rbxassetid://14516273501", ["Name"] = "Animation1", ["Time"] = 1.97084188}, {["Id"] = "rbxassetid://10469493270", ["Name"] = "Animation", ["Time"] = 0.065}}, ["DummyCFrame"] = CFrame.new(149.55697632, 440.75671387, 29.74264145, 0.92388153, 0, 0.38267857, 0, 1, 0, -0.38267857, 0, 0.92388153), ["Time"] = 0.31427288, ["DummyAnims"] = {}, ["PlayerCFrame"] = CFrame.new(149.26635742, 440.75439453, 25.68900871, -0.99837381, -0.0, -0.05700692, 0.0, 1, -1e-07, 0.05700692, -1e-07, -0.99837381)}, {["PlayerAnims"] = {{["Id"] = "rbxassetid://14516273501", ["Name"] = "Animation1", ["Time"] = 1.97500861}, {["Id"] = "rbxassetid://10469493270", ["Name"] = "Animation", ["Time"] = 0.07}}, ["DummyCFrame"] = CFrame.new(149.55697632, 440.75671387, 29.74264145, 0.92388153, 0, 0.38267857, 0, 1, 0, -0.38267857, 0, 0.92388153), ["Time"] = 0.31959176, ["DummyAnims"] = {}, ["PlayerCFrame"] = CFrame.new(149.26635742, 440.75439453, 25.68900871, -0.99837381, -0.0, -0.05700692, 0.0, 1, -9e-08, 0.05700692, -9e-08, -0.99837381)}, {["PlayerAnims"] = {{["Id"] = "rbxassetid://14516273501", ["Name"] = "Animation1", ["Time"] = 1.98750865}, {["Id"] = "rbxassetid://10469493270", ["Name"] = "Animation", ["Time"] = 0.085}}, ["DummyCFrame"] = CFrame.new(149.55697632, 440.75671387, 29.74264145, 0.92388153, 0, 0.38267857, 0, 1, 0, -0.38267857, 0, 0.92388153), ["Time"] = 0.32986116, ["DummyAnims"] = {}, ["PlayerCFrame"] = CFrame.new(149.26635742, 440.75439453, 25.68900871, -0.99837381, -0.0, -0.05700692, 0.0, 1, -6e-08, 0.05700692, -6e-08, -0.99837381)}, {["PlayerAnims"] = {{["Id"] = "rbxassetid://14516273501", ["Name"] = "Animation1", ["Time"] = 1.99584198}, {["Id"] = "rbxassetid://10469493270", ["Name"] = "Animation", ["Time"] = 0.095}}, ["DummyCFrame"] = CFrame.new(149.55697632, 440.75671387, 29.74264145, 0.92388153, 0, 0.38267857, 0, 1, 0, -0.38267857, 0, 0.92388153), ["Time"] = 0.34016395, ["DummyAnims"] = {}, ["PlayerCFrame"] = CFrame.new(149.26635742, 440.75439453, 25.68900871, -0.9983232, -0.0, -0.05788643, 0.0, 1, -4e-08, 0.05788643, -4e-08, -0.9983232)}, {["PlayerAnims"] = {{["Id"] = "rbxassetid://14516273501", ["Name"] = "Animation1", ["Time"] = 2.00417542}, {["Id"] = "rbxassetid://10469493270", ["Name"] = "Animation", ["Time"] = 0.105}}, ["DummyCFrame"] = CFrame.new(149.55697632, 440.75671387, 29.74264145, 0.92388153, 0, 0.38267857, 0, 1, 0, -0.38267857, 0, 0.92388153), ["Time"] = 0.34561157, ["DummyAnims"] = {}, ["PlayerCFrame"] = CFrame.new(149.26635742, 440.75439453, 25.68900871, -0.9983232, -0.0, -0.05788643, 0.0, 1, -2e-08, 0.05788643, -2e-08, -0.9983232)}, {["PlayerAnims"] = {{["Id"] = "rbxassetid://14516273501", ["Name"] = "Animation1", ["Time"] = 2.00834203}, {["Id"] = "rbxassetid://10469493270", ["Name"] = "Animation", ["Time"] = 0.11}}, ["DummyCFrame"] = CFrame.new(149.55697632, 440.75671387, 29.74264145, 0.92388153, 0, 0.38267857, 0, 1, 0, -0.38267857, 0, 0.92388153), ["Time"] = 0.35170817, ["DummyAnims"] = {}, ["PlayerCFrame"] = CFrame.new(149.26635742, 440.75439453, 25.68900871, -0.9983232, -0.0, -0.05788643, 0.0, 1, -1e-08, 0.05788643, -1e-08, -0.9983232)}, {["PlayerAnims"] = {{["Id"] = "rbxassetid://14516273501", ["Name"] = "Animation1", ["Time"] = 2.01250863}, {["Id"] = "rbxassetid://10469493270", ["Name"] = "Animation", ["Time"] = 0.115}}, ["DummyCFrame"] = CFrame.new(149.55697632, 440.75671387, 29.74264145, 0.92388153, 0, 0.38267857, 0, 1, 0, -0.38267857, 0, 0.92388153), ["Time"] = 0.35732532, ["DummyAnims"] = {}, ["PlayerCFrame"] = CFrame.new(149.26635742, 440.75439453, 25.68900871, -0.9983232, -0.0, -0.05788643, 0.0, 1, -0.0, 0.05788643, -0.0, -0.9983232)}, {["PlayerAnims"] = {{["Id"] = "rbxassetid://14516273501", ["Name"] = "Animation1", ["Time"] = 2.02084208}, {["Id"] = "rbxassetid://10469493270", ["Name"] = "Animation", ["Time"] = 0.125}}, ["DummyCFrame"] = CFrame.new(149.55697632, 440.75671387, 29.74264145, 0.92388153, 0, 0.38267857, 0, 1, 0, -0.38267857, 0, 0.92388153), ["Time"] = 0.36400032, ["DummyAnims"] = {}, ["PlayerCFrame"] = CFrame.new(149.26635742, 440.75439453, 25.68900871, -0.9983232, 0.0, -0.05788643, -0.0, 1, 2e-08, 0.05788643, 2e-08, -0.9983232)}, {["PlayerAnims"] = {{["Id"] = "rbxassetid://14516273501", ["Name"] = "Animation1", ["Time"] = 2.02500868}, {["Id"] = "rbxassetid://10469493270", ["Name"] = "Animation", ["Time"] = 0.13}}, ["DummyCFrame"] = CFrame.new(149.55697632, 440.75671387, 29.74264145, 0.92388153, 0, 0.38267857, 0, 1, 0, -0.38267857, 0, 0.92388153), ["Time"] = 0.37014508, ["DummyAnims"] = {}, ["PlayerCFrame"] = CFrame.new(149.26635742, 440.75439453, 25.68900871, -0.9983232, 0.0, -0.05788643, -0.0, 1, 2e-08, 0.05788643, 2e-08, -0.9983232)}, {["PlayerAnims"] = {{["Id"] = "rbxassetid://14516273501", ["Name"] = "Animation1", ["Time"] = 2.03334212}, {["Id"] = "rbxassetid://10469493270", ["Name"] = "Animation", ["Time"] = 0.14}}, ["DummyCFrame"] = CFrame.new(149.55697632, 440.75671387, 29.74264145, 0.92388153, 0, 0.38267857, 0, 1, 0, -0.38267857, 0, 0.92388153), ["Time"] = 0.37723708, ["DummyAnims"] = {}, ["PlayerCFrame"] = CFrame.new(149.26635742, 440.75439453, 25.68900871, -0.9983232, 0.0, -0.05788643, -0.0, 1, 4e-08, 0.05788643, 4e-08, -0.9983232)}, {["PlayerAnims"] = {{["Id"] = "rbxassetid://14516273501", ["Name"] = "Animation1", ["Time"] = 2.03750873}, {["Id"] = "rbxassetid://10469493270", ["Name"] = "Animation", ["Time"] = 0.145}}, ["DummyCFrame"] = CFrame.new(149.55697632, 440.75671387, 29.74264145, 0.92388153, 0, 0.38267857, 0, 1, 0, -0.38267857, 0, 0.92388153), ["Time"] = 0.38309526, ["DummyAnims"] = {}, ["PlayerCFrame"] = CFrame.new(149.26635742, 440.75439453, 25.68900871, -0.9983232, 0.0, -0.05788643, -0.0, 1, 5e-08, 0.05788643, 5e-08, -0.9983232)}, {["PlayerAnims"] = {{["Id"] = "rbxassetid://14516273501", ["Name"] = "Animation1", ["Time"] = 2.04584217}, {["Id"] = "rbxassetid://10469493270", ["Name"] = "Animation", ["Time"] = 0.155}}, ["DummyCFrame"] = CFrame.new(149.55697632, 440.75671387, 29.74264145, 0.92388153, 0, 0.38267857, 0, 1, 0, -0.38267857, 0, 0.92388153), ["Time"] = 0.38974905, ["DummyAnims"] = {}, ["PlayerCFrame"] = CFrame.new(149.26635742, 440.75439453, 25.68900871, -0.9983232, 0.0, -0.05788643, -0.0, 1, 7e-08, 0.05788643, 7e-08, -0.9983232)}, {["PlayerAnims"] = {{["Id"] = "rbxassetid://14516273501", ["Name"] = "Animation1", ["Time"] = 2.05000877}, {["Id"] = "rbxassetid://10469493270", ["Name"] = "Animation", ["Time"] = 0.16}}, ["DummyCFrame"] = CFrame.new(149.55697632, 440.75671387, 29.74264145, 0.92388153, 0, 0.38267857, 0, 1, 0, -0.38267857, 0, 0.92388153), ["Time"] = 0.39583659, ["DummyAnims"] = {}, ["PlayerCFrame"] = CFrame.new(149.26635742, 440.75439453, 25.68900871, -0.9983232, 0.0, -0.05788643, -0.0, 1, 8e-08, 0.05788643, 8e-08, -0.9983232)}, {["PlayerAnims"] = {{["Id"] = "rbxassetid://14516273501", ["Name"] = "Animation1", ["Time"] = 2.05834222}, {["Id"] = "rbxassetid://10469493270", ["Name"] = "Animation", ["Time"] = 0.17}}, ["DummyCFrame"] = CFrame.new(149.5