return {["StartTime"] = 1759538405.6059897, ["Frames"] = {{["PlayerAnims"] = {{["Id"] = "rbxassetid://10469493270", ["Name"] = "Animation", ["Time"] = 0.43333334}, {["Id"] = "rbxassetid://14516273501", ["Name"] = "Animation1", ["Time"] = 0.18333335}}, ["DummyCFrame"] = CFrame.new(109.07263184, 440.75668335, 25.77767563, 0.16639502, 0, 0.98605913, 0, 1, 0, -0.98605913, 0, 0.16639502), ["Time"] = 0.01507449, ["DummyAnims"] = {{["Id"] = "rbxassetid://10473654583", ["Name"] = "Animation", ["Time"] = 0.18333334}}, ["PlayerCFrame"] = CFrame.new(112.92671967, 440.75439453, 23.54211617, -0.69073206, 1e-07, 0.7231108, 3e-08, 1, -1.1e-07, -0.7231108, -5e-08, -0.69073206)}, {["PlayerAnims"] = {{["Id"] = "rbxassetid://10469493270", ["Name"] = "Animation", ["Time"] = 0.43333334}, {["Id"] = "rbxassetid://14516273501", ["Name"] = "Animation1", ["Time"] = 0.18750001}}, ["DummyCFrame"] = CFrame.new(108.95935059, 440.75668335, 25.86214256, 0.16639502, 0, 0.98605913, 0, 1, 0, -0.98605913, 0, 0.16639502), ["Time"] = 0.02032161, ["DummyAnims"] = {{["Id"] = "rbxassetid://10473654583", ["Name"] = "Animation", ["Time"] = 0.18333334}}, ["PlayerCFrame"] = CFrame.new(112.92671967, 440.75439453, 23.54211617, -0.69073206, 1e-07, 0.7231108, 3e-08, 1, -1.1e-07, -0.7231108, -5e-08, -0.69073206)}, {["PlayerAnims"] = {{["Id"] = "rbxassetid://10469493270", ["Name"] = "Animation", ["Time"] = 0.43333334}, {["Id"] = "rbxassetid://14516273501", ["Name"] = "Animation1", ["Time"] = 0.19583336}}, ["DummyCFrame"] = CFrame.new(108.92765045, 440.75668335, 25.88592148, 0.16639502, 0, 0.98605913, 0, 1, 0, -0.98605913, 0, 0.16639502), ["Time"] = 0.02515364, ["DummyAnims"] = {{["Id"] = "rbxassetid://10473654583", ["Name"] = "Animation", ["Time"] = 0.18333334}}, ["PlayerCFrame"] = CFrame.new(112.92671967, 440.75439453, 23.54211617, -0.69073206, 1e-07, 0.7231108, 3e-08, 1, -1.1e-07, -0.7231108, -5e-08, -0.69073206)}, {["PlayerAnims"] = {{["Id"] = "rbxassetid://10469493270", ["Name"] = "Animation", ["Time"] = 0.43333334}, {["Id"] = "rbxassetid://14516273501", ["Name"] = "Animation1", ["Time"] = 0.2041667}}, ["DummyCFrame"] = CFrame.new(108.91184235, 440.75668335, 25.89780045, 0.16639502, 0, 0.98605913, 0, 1, 0, -0.98605913, 0, 0.16639502), ["Time"] = 0.03336644, ["DummyAnims"] = {{["Id"] = "rbxassetid://10473654583", ["Name"] = "Animation", ["Time"] = 0.18333334}}, ["PlayerCFrame"] = CFrame.new(112.92671967, 440.75439453, 23.54211617, -0.69073206, 1e-07, 0.7231108, 3e-08, 1, -1.1e-07, -0.7231108, -5e-08, -0.69073206)}, {["PlayerAnims"] = {{["Id"] = "rbxassetid://10469493270", ["Name"] = "Animation", ["Time"] = 0.43333334}, {["Id"] = "rbxassetid://14516273501", ["Name"] = "Animation1", ["Time"] = 0.21250004}}, ["DummyCFrame"] = CFrame.new(108.90048218, 440.75671387, 25.90635681, 0.16639502, 0, 0.98605913, 0, 1, 0, -0.98605913, 0, 0.16639502), ["Time"] = 0.04371285, ["DummyAnims"] = {{["Id"] = "rbxassetid://10473654583", ["Name"] = "Animation", ["Time"] = 0.18333334}}, ["PlayerCFrame"] = CFrame.new(112.92671967, 440.75439453, 23.54211617, -0.69073206, 1e-07, 0.7231108, 3e-08, 1, -1.1e-07, -0.7231108, -5e-08, -0.69073206)}, {["PlayerAnims"] = {{["Id"] = "rbxassetid://10469493270", ["Name"] = "Animation", ["Time"] = 0.43333334}, {["Id"] = "rbxassetid://14516273501", ["Name"] = "Animation1", ["Time"] = 0.22083338}}, ["DummyCFrame"] = CFrame.new(108.89994049, 440.75674438, 25.90675926, 0.16639502, 0, 0.98605913, 0, 1, 0, -0.98605913, 0, 0.16639502), ["Time"] = 0.05317855, ["DummyAnims"] = {{["Id"] = "rbxassetid://10473654583", ["Name"] = "Animation", ["Time"] = 0.18333334}}, ["PlayerCFrame"] = CFrame.new(112.92671967, 440.75439453, 23.54211617, -0.69073206, 1e-07, 0.7231108, 3e-08, 1, -1.1e-07, -0.7231108, -5e-08, -0.69073206)}, {["PlayerAnims"] = {{["Id"] = "rbxassetid://10469493270", ["Name"] = "Animation", ["Time"] = 0.43333334}, {["Id"] = "rbxassetid://14516273501", ["Name"] = "Animation1", ["Time"] = 0.22916672}}, ["DummyCFrame"] = CFrame.new(108.89988708, 440.75674438, 25.90679932, 0.16639502, 0, 0.98605913, 0, 1, 0, -0.98605913, 0, 0.16639502), ["Time"] = 0.06330609, ["DummyAnims"] = {{["Id"] = "rbxassetid://10473654583", ["Name"] = "Animation", ["Time"] = 0.18333334}}, ["PlayerCFrame"] = CFrame.new(112.92671967, 440.75439453, 23.54211617, -0.69009423, 1e-07, 0.72371948, 3e-08, 1, -1e-07, -0.72371948, -5e-08, -0.69009423)}, {["PlayerAnims"] = {{["Id"] = "rbxassetid://10469493270", ["Name"] = "Animation", ["Time"] = 0.43333334}, {["Id"] = "rbxassetid://14516273501", ["Name"] = "Animation1", ["Time"] = 0.23750006}}, ["DummyCFrame"] = CFrame.new(108.89990997, 440.75674438, 25.90678406, 0.16639502, 0, 0.98605913, 0, 1, 0, -0.98605913, 0, 0.16639502), ["Time"] = 0.06965423, ["DummyAnims"] = {{["Id"] = "rbxassetid://10473654583", ["Name"] = "Animation", ["Time"] = 0.18333334}}, ["PlayerCFrame"] = CFrame.new(112.92671967, 440.75439453, 23.54211617, -0.68625748, 1e-07, 0.72735864, 3e-08, 1, -1e-07, -0.72735864, -5e-08, -0.68625748)}, {["PlayerAnims"] = {{["Id"] = "rbxassetid://10469493270", ["Name"] = "Animation", ["Time"] = 0.43333334}, {["Id"] = "rbxassetid://14516273501", ["Name"] = "Animation1", ["Time"] = 0.2458334}}, ["DummyCFrame"] = CFrame.new(108.89994049, 440.75674438, 25.90675926, 0.16639502, 0, 0.98605913, 0, 1, 0, -0.98605913, 0, 0.16639502), ["Time"] = 0.07731032, ["DummyAnims"] = {{["Id"] = "rbxassetid://10473654583", ["Name"] = "Animation", ["Time"] = 0.18333334}}, ["PlayerCFrame"] = CFrame.new(112.92671967, 440.75439453, 23.54211617, -0.67593235, 1e-07, 0.73696363, 3e-08, 1, -1e-07, -0.73696363, -5e-08, -0.67593235)}, {["PlayerAnims"] = {{["Id"] = "rbxassetid://10469493270", ["Name"] = "Animation", ["Time"] = 0.43333334}, {["Id"] = "rbxassetid://14516273501", ["Name"] = "Animation1", ["Time"] = 0.25000006}}, ["DummyCFrame"] = CFrame.new(108.90000153, 440.75671387, 25.90671539, 0.16639502, 0, 0.98605913, 0, 1, 0, -0.98605913, 0, 0.16639502), ["Time"] = 0.08201599, ["DummyAnims"] = {{["Id"] = "rbxassetid://10473654583", ["Name"] = "Animation", ["Time"] = 0.18333334}}, ["PlayerCFrame"] = CFrame.new(112.92671967, 440.75439453, 23.54211617, -0.66547269, 1e-07, 0.74642223, 3e-08, 1, -1e-07, -0.74642223, -4e-08, -0.66547269)}, {["PlayerAnims"] = {{["Id"] = "rbxassetid://10469493270", ["Name"] = "Animation", ["Time"] = 0.43333334}, {["Id"] = "rbxassetid://14516273501", ["Name"] = "Animation1", ["Time"] = 0.25833338}}, ["DummyCFrame"] = CFrame.new(108.9000473, 440.75671387, 25.90668297, 0.16639502, 0, 0.98605913, 0, 1, 0, -0.98605913, 0, 0.16639502), ["Time"] = 0.08947849, ["DummyAnims"] = {{["Id"] = "rbxassetid://10473654583", ["Name"] = "Animation", ["Time"] = 0.18333334}}, ["PlayerCFrame"] = CFrame.new(112.92671967, 440.75439453, 23.54211617, -0.65154362, 1e-07, 0.75861114, 3e-08, 1, -1e-07, -0.75861114, -4e-08, -0.65154362)}, {["PlayerAnims"] = {{["Id"] = "rbxassetid://10469493270", ["Name"] = "Animation", ["Time"] = 0.43333334}, {["Id"] = "rbxassetid://14516273501", ["Name"] = "Animation1", ["Time"] = 0.26250005}}, ["DummyCFrame"] = CFrame.new(108.90008545, 440.75671387, 25.90665817, 0.16639502, 0, 0.98605913, 0, 1, 0, -0.98605913, 0, 0.16639502), ["Time"] = 0.09359336, ["DummyAnims"] = {{["Id"] = "rbxassetid://10473654583", ["Name"] = "Animation", ["Time"] = 0.18333334}}, ["PlayerCFrame"] = CFrame.new(112.92671967, 440.75439453, 23.54211617, -0.64415818, 1e-07, 0.76489228, 3e-08, 1, -1e-07, -0.76489228, -4e-08, -0.64415818)}, {["PlayerAnims"] = {{["Id"] = "rbxassetid://10469493270", ["Name"] = "Animation", ["Time"] = 0.43333334}, {["Id"] = "rbxassetid://14516273501", ["Name"] = "Animation1", ["Time"] = 0.27083337}}, ["DummyCFrame"] = CFrame.new(108.90009308, 440.75671387, 25.90664864, 0.16639502, 0, 0.98605913, 0, 1, 0, -0.98605913, 0, 0.16639502), ["Time"] = 0.09878445, ["DummyAnims"] = {{["Id"] = "rbxassetid://10473654583", ["Name"] = "Animation", ["Time"] = 0.18333334}}, ["PlayerCFrame"] = CFrame.new(112.92671967, 440.75439453, 23.54211617, -0.63330764, 9e-08, 0.77390015, 3e-08, 1, -1e-07, -0.77390015, -4e-08, -0.63330764)}, {["PlayerAnims"] = {{["Id"] = "rbxassetid://10469493270", ["Name"] = "Animation", ["Time"] = 0.43333334}, {["Id"] = "rbxassetid://14516273501", ["Name"] = "Animation1", ["Time"] = 0.27083337}}, ["DummyCFrame"] = CFrame.new(108.90009308, 440.75671387, 25.90664864, 0.16639502, 0, 0.98605913, 0, 1, 0, -0.98605913, 0, 0.16639502), ["Time"] = 0.10245347, ["DummyAnims"] = {{["Id"] = "rbxassetid://10473654583", ["Name"] = "Animation", ["Time"] = 0.18333334}}, ["PlayerCFrame"] = CFrame.new(112.92671967, 440.75439453, 23.54211617, -0.62577474, 1e-07, 0.78000373, 3e-08, 1, -1e-07, -0.78000373, -4e-08, -0.62577474)}, {["PlayerAnims"] = {{["Id"] = "rbxassetid://10469493270", ["Name"] = "Animation", ["Time"] = 0.43333334}, {["Id"] = "rbxassetid://14516273501", ["Name"] = "Animation1", ["Time"] = 0.2791667}}, ["DummyCFrame"] = CFrame.new(108.90010071, 440.75671387, 25.90664482, 0.16639502, 0, 0.98605913, 0, 1, 0, -0.98605913, 0, 0.16639502), ["Time"] = 0.11000299, ["DummyAnims"] = {{["Id"] = "rbxassetid://10473654583", ["Name"] = "Animation", ["Time"] = 0.18333334}}, ["PlayerCFrame"] = CFrame.new(112.92671967, 440.75439453, 23.54211617, -0.61540812, 9e-08, 0.7882086, 3e-08, 1, -1e-07, -0.7882086, -3e-08, -0.61540812)}, {["PlayerAnims"] = {{["Id"] = "rbxassetid://10469493270", ["Name"] = "Animation", ["Time"] = 0.43333334}, {["Id"] = "rbxassetid://14516273501", ["Name"] = "Animation1", ["Time"] = 0.28333336}}, ["DummyCFrame"] = CFrame.new(108.90010071, 440.75674438, 25.90664482, 0.16639502, 0, 0.98605913, 0, 1, 0, -0.98605913, 0, 0.16639502), ["Time"] = 0.11547399, ["DummyAnims"] = {{["Id"] = "rbxassetid://10473654583", ["Name"] = "Animation", ["Time"] = 0.18333334}}, ["PlayerCFrame"] = CFrame.new(112.92671967, 440.75439453, 23.54211617, -0.60493398, 9e-08, 0.79627568, 3e-08, 1, -1e-07, -0.79627568, -3e-08, -0.60493398)}, {["PlayerAnims"] = {{["Id"] = "rbxassetid://10469493270", ["Name"] = "Animation", ["Time"] = 0.43333334}, {["Id"] = "rbxassetid://14516273501", ["Name"] = "Animation1", ["Time"] = 0.29166669}}, ["DummyCFrame"] = CFrame.new(108.90010071, 440.75671387, 25.90664482, 0.16639502, 0, 0.98605913, 0, 1, 0, -0.98605913, 0, 0.16639502), ["Time"] = 0.12006545, ["DummyAnims"] = {{["Id"] = "rbxassetid://10473654583", ["Name"] = "Animation", ["Time"] = 0.18333334}}, ["PlayerCFrame"] = CFrame.new(112.92671967, 440.75439453, 23.54211617, -0.5957706, 9e-08, 0.80315465, 3e-08, 1, -9e-08, -0.80315465, -3e-08, -0.5957706)}, {["PlayerAnims"] = {{["Id"] = "rbxassetid://10469493270", ["Name"] = "Animation", ["Time"] = 0.43333334}, {["Id"] = "rbxassetid://14516273501", ["Name"] = "Animation1", ["Time"] = 0.29583335}}, ["DummyCFrame"] = CFrame.new(108.90010071, 440.75671387, 25.90664673, 0.16639502, 0, 0.98605913, 0, 1, 0, -0.98605913, 0, 0.16639502), ["Time"] = 0.12525225, ["DummyAnims"] = {{["Id"] = "rbxassetid://10473654583", ["Name"] = "Animation", ["Time"] = 0.18333334}}, ["PlayerCFrame"] = CFrame.new(112.92671967, 440.75439453, 23.54211617, -0.58938116, 9e-08, 0.80785513, 3e-08, 1, -9e-08, -0.80785513, -3e-08, -0.58938116)}, {["PlayerAnims"] = {{["Id"] = "rbxassetid://14516273501", ["Name"] = "Animation1", ["Time"] = 0.30000001}}, ["DummyCFrame"] = CFrame.new(108.90010071, 440.75671387, 25.90664482, 0.16639502, 0, 0.98605913, 0, 1, 0, -0.98605913, 0, 0.16639502), ["Time"] = 0.1297648, ["DummyAnims"] = {{["Id"] = "rbxassetid://10473654583", ["Name"] = "Animation", ["Time"] = 0.18333334}}, ["PlayerCFrame"] = CFrame.new(112.92671967, 440.75439453, 23.54211617, -0.58581531, 9e-08, 0.81044459, 3e-08, 1, -9e-08, -0.81044459, -3e-08, -0.58581531)}, {["PlayerAnims"] = {{["Id"] = "rbxassetid://14516273501", ["Name"] = "Animation1", ["Time"] = 0.30416667}}, ["DummyCFrame"] = CFrame.new(108.90010071, 440.75671387, 25.90664482, 0.16639502, 0, 0.98605913, 0, 1, 0, -0.98605913, 0, 0.16639502), ["Time"] = 0.13391256, ["DummyAnims"] = {}, ["PlayerCFrame"] = CFrame.new(112.92671967, 440.75439453, 23.54211617, -0.57649088, 9e-08, 0.81710362, 3e-08, 1, -9e-08, -0.81710362, -3e-08, -0.57649088)}, {["PlayerAnims"] = {{["Id"] = "rbxassetid://14516273501", ["Name"] = "Animation1", ["Time"] = 0.3125}}, ["DummyCFrame"] = CFrame.new(108.90010071, 440.75671387, 25.90664482, 0.16639502, 0, 0.98605913, 0, 1, 0, -0.98605913, 0, 0.16639502), ["Time"] = 0.14152527, ["DummyAnims"] = {}, ["PlayerCFrame"] = CFrame.new(112.92671967, 440.75439453, 23.54211617, -0.57216191, 9e-08, 0.82014072, 3e-08, 1, -9e-08, -0.82014072, -3e-08, -0.57216191)}, {["PlayerAnims"] = {{["Id"] = "rbxassetid://14516273501", ["Name"] = "Animation1", ["Time"] = 0.31666666}}, ["DummyCFrame"] = CFrame.new(108.90010071, 440.75671387, 25.90664482, 0.16639502, 0, 0.98605913, 0, 1, 0, -0.98605913, 0, 0.16639502), ["Time"] = 0.14729047, ["DummyAnims"] = {}, ["PlayerCFrame"] = CFrame.new(112.92671967, 440.75439453, 23.54211617, -0.56563807, 9e-08, 0.82465363, 3e-08, 1, -9e-08, -0.82465363, -3e-08, -0.56563807)}, {["PlayerAnims"] = {{["Id"] = "rbxassetid://14516273501", ["Name"] = "Animation1", ["Time"] = 0.32499999}}, ["DummyCFrame"] = CFrame.new(108.90010071, 440.75671387, 25.90664482, 0.16639502, 0, 0.98605913, 0, 1, 0, -0.98605913, 0, 0.16639502), ["Time"] = 0.15503025, ["DummyAnims"] = {}, ["PlayerCFrame"] = CFrame.new(112.92671967, 440.75439453, 23.54211617, -0.55615234, 9e-08, 0.83108038, 3e-08, 1, -9e-08, -0.83108038, -2e-08, -0.55615234)}, {["PlayerAnims"] = {{["Id"] = "rbxassetid://14516273501", ["Name"] = "Animation1", ["Time"] = 0.32916665}}, ["DummyCFrame"] = CFrame.new(108.90010071, 440.75671387, 25.90664482, 0.16639502, 0, 0.98605913, 0, 1, 0, -0.98605913, 0, 0.16639502), ["Time"] = 0.15956616, ["DummyAnims"] = {}, ["PlayerCFrame"] = CFrame.new(112.92671967, 440.75439453, 23.54211617, -0.55468661, 9e-08, 0.83205938, 3e-08, 1, -9e-08, -0.83205938, -2e-08, -0.55468661)}, {["PlayerAnims"] = {{["Id"] = "rbxassetid://14516273501", ["Name"] = "Animation1", ["Time"] = 0.33333331}}, ["DummyCFrame"] = CFrame.new(108.90010071, 440.75671387, 25.90664482, 0.16639502, 0, 0.98605913, 0, 1, 0, -0.98605913, 0, 0.16639502), ["Time"] = 0.16435885, ["DummyAnims"] = {}, ["PlayerCFrame"] = CFrame.new(112.92671967, 440.75439453, 23.54211617, -0.55101442, 9e-08, 0.83449572, 3e-08, 1, -9e-08, -0.83449572, -2e-08, -0.55101442)}, {["PlayerAnims"] = {{["Id"] = "rbxassetid://14516273501", ["Name"] = "Animation1", ["Time"] = 0.33749998}}, ["DummyCFrame"] = CFrame.new(108.90010071, 440.75671387, 25.90664482, 0.16639502, 0, 0.98605913, 0, 1, 0, -0.98605913, 0, 0.16639502), ["Time"] = 0.16884828, ["DummyAnims"] = {}, ["PlayerCFrame"] = CFrame.new(112.92671967, 440.75439453, 23.54211617, -0.54954231, 9e-08, 0.83546591, 3e-08, 1, -9e-08, -0.83546591, -2e-08, -0.54954231)}, {["PlayerAnims"] = {{["Id"] = "rbxassetid://14516273501", ["Name"] = "Animation1", ["Time"] = 0.34166664}}, ["DummyCFrame"] = CFrame.new(108.90010071, 440.75671387, 25.90664482, 0.16639502, 0, 0.98605913, 0, 1, 0, -0.98605913, 0, 0.16639502), ["Time"] = 0.17289758, ["DummyAnims"] = {}, ["PlayerCFrame"] = CFrame.new(112.92671967, 440.75439453, 23.54211617, -0.54880565, 9e-08, 0.83594996, 3e-08, 1, -8e-08, -0.83594996, -2e-08, -0.54880565)}, {["PlayerAnims"] = {{["Id"] = "rbxassetid://14516273501", ["Name"] = "Animation1", ["Time"] = 0.3458333}}, ["DummyCFrame"] = CFrame.new(108.90010071, 440.75671387, 25.90664482, 0.16639502, 0, 0.98605913, 0, 1, 0, -0.98605913, 0, 0.16639502), ["Time"] = 0.17691326, ["DummyAnims"] = {}, ["PlayerCFrame"] = CFrame.new(112.92671967, 440.75439453, 23.54211617, -0.54880565, 9e-08, 0.83594996, 3e-08, 1, -8e-08, -0.83594996, -2e-08, -0.54880565)}, {["PlayerAnims"] = {{["Id"] = "rbxassetid://14516273501", ["Name"] = "Animation1", ["Time"] = 0.34999996}}, ["DummyCFrame"] = CFrame.new(108.90010071, 440.75668335, 25.90664482, 0.16639502, 0, 0.98605913, 0, 1, 0, -0.98605913, 0, 0.16639502), ["Time"] = 0.18111682, ["DummyAnims"] = {}, ["PlayerCFrame"] = CFrame.new(112.92671967, 440.75439453, 23.54211617, -0.54806858, 9e-08, 0.83643341, 3e-08, 1, -8e-08, -0.83643341, -2e-08, -0.54806858)}, {["PlayerAnims"] = {{["Id"] = "rbxassetid://14516273501", ["Name"] = "Animation1", ["Time"] = 0.35416663}}, ["DummyCFrame"] = CFrame.new(108.90010071, 440.75671387, 25.90664291, 0.16639502, 0, 0.98605913, 0, 1, 0, -0.98605913, 0, 0.16639502), ["Time"] = 0.18461633, ["DummyAnims"] = {}, ["PlayerCFrame"] = CFrame.new(112.92671967, 440.75439453, 23.54211617, -0.54806876, 9e-08, 0.83643329, 3e-08, 1, -8e-08, -0.83643329, -2e-08, -0.54806876)}, {["PlayerAnims"] = {{["Id"] = "rbxassetid://14516273501", ["Name"] = "Animation1", ["Time"] = 0.35833329}}, ["DummyCFrame"] = CFrame.new(108.90010071, 440.75671387, 25.90664482, 0.16639502, 0, 0.98605913, 0, 1, 0, -0.98605913, 0, 0.16639502), ["Time"] = 0.18874526, ["DummyAnims"] = {}, ["PlayerCFrame"] = CFrame.new(112.92671967, 440.75439453, 23.54211617, -0.54806876, 9e-08, 0.83643329, 3e-08, 1, -8e-08, -0.83643329, -2e-08, -0.54806876)}, {["PlayerAnims"] = {{["Id"] = "rbxassetid://14516273501", ["Name"] = "Animation1", ["Time"] = 0.36249995}}, ["DummyCFrame"] = CFrame.new(108.90010071, 440.75671387, 25.90664482, 0.16639502, 0, 0.98605913, 0, 1, 0, -0.98605913, 0, 0.16639502), ["Time"] = 0.19278502, ["DummyAnims"] = {}, ["PlayerCFrame"] = CFrame.new(112.92671967, 440.75439453, 23.54211617, -0.54806876, 8e-08, 0.83643329, 3e-08, 1, -8e-08, -0.83643329, -2e-08, -0.54806876)}, {["PlayerAnims"] = {{["Id"] = "rbxassetid://14516273501", ["Name"] = "Animation1", ["Time"] = 0.36666662}}, ["DummyCFrame"] = CFrame.new(108.90010071, 440.75671387, 25.90664482, 0.16639502, 0, 0.98605913, 0, 1, 0, -0.98605913, 0, 0.16639502), ["Time"] = 0.19716597, ["DummyAnims"] = {}, ["PlayerCFrame"] = CFrame.new(112.92671967, 440.75439453, 23.54211617, -0.54733104, 8e-08, 0.83691621, 3e-08, 1, -8e-08, -0.83691621, -2e-08, -0.54733104)}, {["PlayerAnims"] = {{["Id"] = "rbxassetid://14516273501", ["Name"] = "Animation1", ["Time"] = 0.37083328}}, ["DummyCFrame"] = CFrame.new(108.90010071, 440.75671387, 25.90664482, 0.16639502, 0, 0.98605913, 0, 1, 0, -0.98605913, 0, 0.16639502), ["Time"] = 0.20115185, ["DummyAnims"] = {}, ["PlayerCFrame"] = CFrame.new(112.92671967, 440.75439453, 23.54211617, -0.54733104, 8e-08, 0.83691621, 3e-08, 1, -8e-08, -0.83691621, -2e-08, -0.54733104)}, {["PlayerAnims"] = {{["Id"] = "rbxassetid://14516273501", ["Name"] = "Animation1", ["Time"] = 0.37499994}}, ["DummyCFrame"] = CFrame.new(108.90010071, 440.75671387, 25.90664291, 0.16639502, 0, 0.98605913, 0, 1, 0, -0.98605913, 0, 0.16639502), ["Time"] = 0.20844579, ["DummyAnims"] = {}, ["PlayerCFrame"] = CFrame.new(112.92671967, 440.75439453, 23.54211617, -0.54659313, 8e-08, 0.83739829, 3e-08, 1, -8e-08, -0.83739829, -2e-08, -0.54659313)}, {["PlayerAnims"] = {{["Id"] = "rbxassetid://14516273501", ["Name"] = "Animation1", ["Time"] = 0.3791666}}, ["DummyCFrame"] = CFrame.new(108.90010071, 440.75671387, 25.90664482, 0.16639502, 0, 0.98605913, 0, 1, 0, -0.98605913, 0, 0.16639502), ["Time"] = 0.21194458, ["DummyAnims"] = {}, ["PlayerCFrame"] = CFrame.new(112.92671967, 440.75439453, 23.54211617, -0.54659313, 8e-08, 0.83739829, 3e-08, 1, -8e-08, -0.83739829, -2e-08, -0.54659313)}, {["PlayerAnims"] = {{["Id"] = "rbxassetid://14516273501", ["Name"] = "Animation1", ["Time"] = 0.38333327}}, ["DummyCFrame"] = CFrame.new(108.90010071, 440.75671387, 25.90664482, 0.16639502, 0, 0.98605913, 0, 1, 0, -0.98605913, 0, 0.16639502), ["Time"] = 0.21619678, ["DummyAnims"] = {}, ["PlayerCFrame"] = CFrame.new(112.92671967, 440.75439453, 23.54211617, -0.54659313, 8e-08, 0.83739829, 3e-08, 1, -8e-08, -0.83739829, -2e-08, -0.54659313)}, {["PlayerAnims"] = {{["Id"] = "rbxassetid://14516273501", ["Name"] = "Animation1", ["Time"] = 0.38749993}}, ["DummyCFrame"] = CFrame.new(108.90010071, 440.75671387, 25.90664482, 0.16639502, 0, 0.98605913, 0, 1, 0, -0.98605913, 0, 0.16639502), ["Time"] = 0.21978927, ["DummyAnims"] = {}, ["PlayerCFrame"] = CFrame.new(112.92671967, 440.75439453, 23.54211617, -0.54659313, 8e-08, 0.83739829, 3e-08, 1, -8e-08, -0.83739829, -2e-08, -0.54659313)}, {["PlayerAnims"] = {{["Id"] = "rbxassetid://14516273501", ["Name"] = "Animation1", ["Time"] = 0.39166659}}, ["DummyCFrame"] = CFrame.new(108.90010071, 440.75671387, 25.90664482, 0.16639502, 0, 0.98605913, 0, 1, 0, -0.98605913, 0, 0.16639502), ["Time"] = 0.22353435, ["DummyAnims"] = {}, ["PlayerCFrame"] = CFrame.new(112.92671967, 440.75439453, 23.54211617, -0.54659313, 8e-08, 0.83739829, 3e-08, 1, -8e-08, -0.83739829, -2e-08, -0.54659313)}, {["PlayerAnims"] = {{["Id"] = "rbxassetid://14516273501", ["Name"] = "Animation1", ["Time"] = 0.39583325}}, ["DummyCFrame"] = CFrame.new(108.90010071, 440.75671387, 25.90664482, 0.16639502, 0, 0.98605913, 0, 1, 0, -0.98605913, 0, 0.16639502), ["Time"] = 0.22778654, ["DummyAnims"] = {}, ["PlayerCFrame"] = CFrame.new(112.92671967, 440.75439453, 23.54211617, -0.54659313, 8e-08, 0.83739829, 3e-08, 1, -8e-08, -0.83739829, -2e-08, -0.54659313)}, {["PlayerAnims"] = {{["Id"] = "rbxassetid://14516273501", ["Name"] = "Animation1", ["Time"] = 0.40416658}}, ["DummyCFrame"] = CFrame.new(108.90010071, 440.75671387, 25.90664673, 0.16639502, 0, 0.98605913, 0, 1, 0, -0.98605913, 0, 0.16639502), ["Time"] = 0.23487544, ["DummyAnims"] = {}, ["PlayerCFrame"] = CFrame.new(112.92671967, 440.75439453, 23.54211617, -0.54585522, 8e-08, 0.83787954, 3e-08, 1, -7e-08, -0.83787954, -2e-08, -0.54585522)}, {["PlayerAnims"] = {{["Id"] = "rbxassetid://14516273501", ["Name"] = "Animation1", ["Time"] = 0.40833324}}, ["DummyCFrame"] = CFrame.new(108.90010071, 440.75671387, 25.90664482, 0.16639502, 0, 0.98605913, 0, 1, 0, -0.98605913, 0, 0.16639502), ["Time"] = 0.24067616, ["DummyAnims"] = {}, ["PlayerCFrame"] = CFrame.new(112.92671967, 440.75439453, 23.54211617, -0.54511642, 8e-08, 0.83836037, 3e-08, 1, -7e-08, -0.83836037, -1e-08, -0.54511642)}, {["PlayerAnims"] = {{["Id"] = "rbxassetid://14516273501", ["Name"] = "Animation1", ["Time"] = 0.41666657}}, ["DummyCFrame"] = CFrame.new(108.90010071, 440.75671387, 25.90664673, 0.16639502, 0, 0.98605913, 0, 1, 0, -0.98605913, 0, 0.16639502), ["Time"] = 0.24821186, ["DummyAnims"] = {}, ["PlayerCFrame"] = CFrame.new(112.92671967, 440.75439453, 23.54211617, -0.54511642, 8e-08, 0.83836037, 3e-08, 1, -7e-08, -0.83836037, -1e-08, -0.54511642)}, {["PlayerAnims"] = {{["Id"] = "rbxassetid://14516273501", ["Name"] = "Animation1", ["Time"] = 0.42083323}}, ["DummyCFrame"] = CFrame.new(108.90010071, 440.75671387, 25.90664673, 0.16639502, 0, 0.98605913, 0, 1, 0, -0.98605913, 0, 0.16639502), ["Time"] = 0.25201106, ["DummyAnims"] = {}, ["PlayerCFrame"] = CFrame.new(112.92671967, 440.75439453, 23.54211617, -0.54511642, 8e-08, 0.83836037, 3e-08, 1, -7e-08, -0.83836037, -1e-08, -0.54511642)}, {["PlayerAnims"] = {{["Id"] = "rbxassetid://14516273501", ["Name"] = "Animation1", ["Time"] = 0.42499989}}, ["DummyCFrame"] = CFrame.new(108.90010071, 440.75671387, 25.90664482, 0.16639502, 0, 0.98605913, 0, 1, 0, -0.98605913, 0, 0.16639502), ["Time"] = 0.25649118, ["DummyAnims"] = {}, ["PlayerCFrame"] = CFrame.new(112.92671967, 440.75439453, 23.54211617, -0.54511642, 8e-08, 0.83836037, 3e-08, 1, -7e-08, -0.83836037, -1e-08, -0.54511642)}, {["PlayerAnims"] = {{["Id"] = "rbxassetid://14516273501", ["Name"] = "Animation1", ["Time"] = 0.42916656}}, ["DummyCFrame"] = CFrame.new(108.90010071, 440.75671387, 25.90664482, 0.16639502, 0, 0.98605913, 0, 1, 0, -0.98605913, 0, 0.16639502), ["Time"] = 0.2607224, ["DummyAnims"] = {}, ["PlayerCFrame"] = CFrame.new(112.92671967, 440.75439453, 23.54211617, -0.54511642, 7e-08, 0.83836037, 3e-08, 1, -7e-08, -0.83836037, -1e-08, -0.54511642)}, {["PlayerAnims"] = {{["Id"] = "rbxassetid://14516273501", ["Name"] = "Animation1", ["Time"] = 0.43333322}}, ["DummyCFrame"] = CFrame.new(108.90010071, 440.75671387, 25.90664482, 0.16639502, 0, 0.98605913, 0, 1, 0, -0.98605913, 0, 0.16639502), ["Time"] = 0.26489258, ["DummyAnims"] = {}, ["PlayerCFrame"] = CFrame.new(112.92671967, 440.75439453, 23.54211617, -0.54511642, 7e-08, 0.83836037, 3e-08, 1, -7e-08, -0.83836037, -1e-08, -0.54511642)}, {["PlayerAnims"] = {{["Id"] = "rbxassetid://14516273501", ["Name"] = "Animation1", ["Time"] = 0.43749988}}, ["DummyCFrame"] = CFrame.new(108.90010071, 440.75671387, 25.90664482, 0.16639502, 0, 0.98605913, 0, 1, 0, -0.98605913, 0, 0.16639502), ["Time"] = 0.2700088, ["DummyAnims"] = {}, ["PlayerCFrame"] = CFrame.new(112.92671967, 440.75439453, 23.54211617, -0.54511642, 7e-08, 0.83836037, 3e-08, 1, -7e-08, -0.83836037, -1e-08, -0.54511642)}, {["PlayerAnims"] = {{["Id"] = "rbxassetid://14516273501", ["Name"] = "Animation1", ["Time"] = 0.44166654}}, ["DummyCFrame"] = CFrame.new(108.90010071, 440.75671387, 25.90664291, 0.16639502, 0, 0.98605913, 0, 1, 0, -0.98605913, 0, 0.16639502), ["Time"] = 0.27374625, ["DummyAnims"] = {}, ["PlayerCFrame"] = CFrame.new(112.92671967, 440.75439453, 23.54211617, -0.54511642, 7e-08, 0.83836037, 3e-08, 1, -7e-08, -0.83836037, -1e-08, -0.54511642)}, {["PlayerAnims"] = {{["Id"] = "rbxassetid://14516273501", ["Name"] = "Animation1", ["Time"] = 0.44583321}}, ["DummyCFrame"] = CFrame.new(108.90010071, 440.75671387, 25.90664482, 0.16639502, 0, 0.98605913, 0, 1, 0, -0.98605913, 0, 0.16639502), ["Time"] = 0.27793479, ["DummyAnims"] = {}, ["PlayerCFrame"] = CFrame.new(112.92671967, 440.75439453, 23.54211617, -0.54511642, 7e-08, 0.83836037, 3e-08, 1, -7e-08, -0.83836037, -1e-08, -0.54511642)}, {["PlayerAnims"] = {{["Id"] = "rbxassetid://14516273501", ["Name"] = "Animation1", ["Time"] = 0.45416653}}, ["DummyCFrame"] = CFrame.new(108.90010071, 440.75671387, 25.90664482, 0.16639502, 0, 0.98605913, 0, 1, 0, -0.98605913, 0, 0.16639502), ["Time"] = 0.28281665, ["DummyAnims"] = {}, ["PlayerCFrame"] = CFrame.new(112.92671967, 440.75439453, 23.54211617, -0.54511642, 7e-08, 0.83836037, 3e-08, 1, -7e-08, -0.83836037, -1e-08, -0.54511642)}, {["PlayerAnims"] = {{["Id"] = "rbxassetid://14516273501", ["Name"] = "Animation1", ["Time"] = 0.45833319}}, ["DummyCFrame"] = CFrame.new(108.90010071, 440.75671387, 25.90664482, 0.16639502, 0, 0.98605913, 0, 1, 0, -0.98605913, 0, 0.16639502), ["Time"] = 0.28682113, ["DummyAnims"] = {}, ["PlayerCFrame"] = CFrame.new(112.92671967, 440.75439453, 23.54211617, -0.54511642, 7e-08, 0.83836037, 3e-08, 1, -6e-08, -0.83836037, -1e-08, -0.54511642)}, {["PlayerAnims"] = {{["Id"] = "rbxassetid://14516273501", ["Name"] = "Animation1", ["Time"] = 0.45833319}}, ["DummyCFrame"] = CFrame.new(108.90010071, 440.75671387, 25.90664482, 0.16639502, 0, 0.98605913, 0, 1, 0, -0.98605913, 0, 0.16639502), ["Time"] = 0.29030037, ["DummyAnims"] = {}, ["PlayerCFrame"] = CFrame.new(112.92671967, 440.75439453, 23.54211617, -0.54511642, 7e-08, 0.83836037, 3e-08, 1, -6e-08, -0.83836037, -1e-08, -0.54511642)}, {["PlayerAnims"] = {{["Id"] = "rbxassetid://14516273501", ["Name"] = "Animation1", ["Time"] = 0.46666652}}, ["DummyCFrame"] = CFrame.new(108.90010071, 440.75671387, 25.90664482, 0.16639502, 0, 0.98605913, 0, 1, 0, -0.98605913, 0, 0.16639502), ["Time"] = 0.29654527, ["DummyAnims"] = {}, ["PlayerCFrame"] = CFrame.new(112.92671967, 440.75439453, 23.54211617, -0.54511642, 7e-08, 0.83836037, 3e-08, 1, -6e-08, -0.83836037, -1e-08, -0.54511642)}, {["PlayerAnims"] = {{["Id"] = "rbxassetid://14516273501", ["Name"] = "Animation1", ["Time"] = 0.47083318}, {["Id"] = "rbxassetid://10469630950", ["Name"] = "Animation", ["Time"] = 0.005}}, ["DummyCFrame"] = CFrame.new(108.90010071, 440.75671387, 25.90664482, 0.16639502, 0, 0.98605913, 0, 1, 0, -0.98605913, 0, 0.16639502), ["Time"] = 0.3040719, ["DummyAnims"] = {}, ["PlayerCFrame"] = CFrame.new(112.92671967, 440.75439453, 23.54211617, -0.54511642, 7e-08, 0.83836037, 3e-08, 1, -6e-08, -0.83836037, -1e-08, -0.54511642)}, {["PlayerAnims"] = {{["Id"] = "rbxassetid://14516273501", ["Name"] = "Animation1", ["Time"] = 0.47916651}, {["Id"] = "rbxassetid://10469630950", ["Name"] = "Animation", ["Time"] = 0.015}}, ["DummyCFrame"] = CFrame.new(108.90010071, 440.75671387, 25.90664291, 0.16639502, 0, 0.98605913, 0, 1, 0, -0.98605913, 0, 0.16639502), ["Time"] = 0.30795121, ["DummyAnims"] = {}, ["PlayerCFrame"] = CFrame.new(112.92671967, 440.75439453, 23.54211617, -0.54511642, 7e-08, 0.83836037, 3e-08, 1, -6e-08, -0.83836037, -1e-08, -0.54511642)}, {["PlayerAnims"] = {{["Id"] = "rbxassetid://14516273501", ["Name"] = "Animation1", ["Time"] = 0.48333317}, {["Id"] = "rbxassetid://10469630950", ["Name"] = "Animation", ["Time"] = 0.02}}, ["DummyCFrame"] = CFrame.new(108.90010071, 440.75671387, 25.90664482, 0.16639502, 0, 0.98605913, 0, 1, 0, -0.98605913, 0, 0.16639502), ["Time"] = 0.31218815, ["DummyAnims"] = {}, ["PlayerCFrame"] = CFrame.new(112.92671967, 440.75439453, 23.54211617, -0.54511642, 7e-08, 0.83836037, 3e-08, 1, -6e-08, -0.83836037, -1e-08, -0.54511642)}, {["PlayerAnims"] = {{["Id"] = "rbxassetid://14516273501", ["Name"] = "Animation1", ["Time"] = 0.48333317}, {["Id"] = "rbxassetid://10469630950", ["Name"] = "Animation", ["Time"] = 0.02}}, ["DummyCFrame"] = CFrame.new(108.90010071, 440.75671387, 25.90664482, 0.16639502, 0, 0.98605913, 0, 1, 0, -0.98605913, 0, 0.16639502), ["Time"] = 0.31561041, ["DummyAnims"] = {}, ["PlayerCFrame"] = CFrame.new(112.92671967, 440.75439453, 23.54211617, -0.54511642, 7e-08, 0.83836037, 3e-08, 1, -6e-08, -0.83836037, -1e-08, -0.54511642)}, {["PlayerAnims"] = {{["Id"] = "rbxassetid://14516273501", ["Name"] = "Animation1", ["Time"] = 0.48749983}, {["Id"] = "rbxassetid://10469630950", ["Name"] = "Animation", ["Time"] = 0.025}}, ["DummyCFrame"] = CFrame.new(108.90010071, 440.75671387, 25.90664482, 0.16639502, 0, 0.98605913, 0, 1, 0, -0.98605913, 0, 0.16639502), ["Time"] = 0.32043004, ["DummyAnims"] = {}, ["PlayerCFrame"] = CFrame.new(112.92671967, 440.75439453, 23.54211617, -0.54511642, 7e-08, 0.83836037, 3e-08, 1, -6e-08, -0.83836037, -1e-08, -0.54511642)}, {["PlayerAnims"] = {{["Id"] = "rbxassetid://14516273501", ["Name"] = "Animation1", ["Time"] = 0.4916665}, {["Id"] = "rbxassetid://10469630950", ["Name"] = "Animation", ["Time"] = 0.03}}, ["DummyCFrame"] = CFrame.new(108.90010071, 440.75671387, 25.90664291, 0.16639502, 0, 0.98605913, 0, 1, 0, -0.98605913, 0, 0.16639502), ["Time"] = 0.32455802, ["DummyAnims"] = {}, ["PlayerCFrame"] = CFrame.new(112.92671967, 440.75439453, 23.54211617, -0.54511642, 7e-08, 0.83836037, 3e-08, 1, -6e-08, -0.83836037, -1e-08, -0.54511642)}, {["PlayerAnims"] = {{["Id"] = "rbxassetid://14516273501", ["Name"] = "Animation1", ["Time"] = 0.49583316}, {["Id"] = "rbxassetid://10469630950", ["Name"] = "Animation", ["Time"] = 0.035}}, ["DummyCFrame"] = CFrame.new(108.90010071, 440.75671387, 25.90664482, 0.16639502, 0, 0.98605913, 0, 1, 0, -0.98605913, 0, 0.16639502), ["Time"] = 0.32855535, ["DummyAnims"] = {}, ["PlayerCFrame"] = CFrame.new(112.92671967, 440.75439453, 23.54211617, -0.54511642, 7e-08, 0.83836037, 3e-08, 1, -6e-08, -0.83836037, -1e-08, -0.54511642)}, {["PlayerAnims"] = {{["Id"] = "rbxassetid://14516273501", ["Name"] = "Animation1", ["Time"] = 0.49999982}, {["Id"] = "rbxassetid://10469630950", ["Name"] = "Animation", ["Time"] = 0.04}}, ["DummyCFrame"] = CFrame.new(108.90010071, 440.75671387, 25.90664482, 0.16639502, 0, 0.98605913, 0, 1, 0, -0.98605913, 0, 0.16639502), ["Time"] = 0.33215284, ["DummyAnims"] = {}, ["PlayerCFrame"] = CFrame.new(112.92671967, 440.75439453, 23.54211617, -0.54511642, 6e-08, 0.83836037, 3e-08, 1, -6e-08, -0.83836037, -1e-08, -0.54511642)}, {["PlayerAnims"] = {{["Id"] = "rbxassetid://14516273501", ["Name"] = "Animation1", ["Time"] = 0.50416648}, {["Id"] = "rbxassetid://10469630950", ["Name"] = "Animation", ["Time"] = 0.045}}, ["DummyCFrame"] = CFrame.new(108.90010071, 440.75671387, 25.90664291, 0.16639502, 0, 0.98605913, 0, 1, 0, -0.98605913, 0, 0.16639502), ["Time"] = 0.33670807, ["DummyAnims"] = {}, ["PlayerCFrame"] = CFrame.new(112.92671967, 440.75439453, 23.54211617, -0.54511642, 6e-08, 0.83836037, 3e-08, 1, -6e-08, -0.83836037, -1e-08, -0.54511642)}, {["PlayerAnims"] = {{["Id"] = "rbxassetid://14516273501", ["Name"] = "Animation1", ["Time"] = 0.51249981}, {["Id"] = "rbxassetid://10469630950", ["Name"] = "Animation", ["Time"] = 0.055}}, ["DummyCFrame"] = CFrame.new(108.90010071, 440.75671387, 25.90664482, 0.16639502, 0, 0.98605913, 0, 1, 0, -0.98605913, 0, 0.16639502), ["Time"] = 0.34278107, ["DummyAnims"] = {}, ["PlayerCFrame"] = CFrame.new(112.92671967, 440.75439453, 23.54211617, -0.54511642, 6e-08, 0.83836037, 3e-08, 1, -6e-08, -0.83836037, -0.0, -0.54511642)}, {["PlayerAnims"] = {{["Id"] = "rbxassetid://14516273501", ["Name"] = "Animation1", ["Time"] = 0.51666647}, {["Id"] = "rbxassetid://10469630950", ["Name"] = "Animation", ["Time"] = 0.06}}, ["DummyCFrame"] = CFrame.new(108.90010071, 440.75671387, 25.90664482, 0.16639502, 0, 0.98605913, 0, 1, 0, -0.98605913, 0, 0.16639502), ["Time"] = 0.3503685, ["DummyAnims"] = {}, ["PlayerCFrame"] = CFrame.new(112.92671967, 440.75439453, 23.54211617, -0.54511642, 6e-08, 0.83836037, 3e-08, 1, -5e-08, -0.83836037, -0.0, -0.54511642)}, {["PlayerAnims"] = {{["Id"] = "rbxassetid://14516273501", ["Name"] = "Animation1", ["Time"] = 0.5249998}, {["Id"] = "rbxassetid://10469630950", ["Name"] = "Animation", ["Time"] = 0.07}}, ["DummyCFrame"] = CFrame.new(108.90010071, 440.75671387, 25.90664673, 0.16639502, 0, 0.98605913, 0, 1, 0, -0.98605913, 0, 0.16639502), ["Time"] = 0.35947871, ["DummyAnims"] = {}, ["PlayerCFrame"] = CFrame.new(112.92671967, 440.75439453, 23.54211617, -0.54511642, 6e-08, 0.83836037, 3e-08, 1, -5e-08, -0.83836037, -0.0, -0.54511642)}, {["PlayerAnims"] = {{["Id"] = "rbxassetid://14516273501", ["Name"] = "Animation1", ["Time"] = 0.53333312}, {["Id"] = "rbxassetid://10469630950", ["Name"] = "Animation", ["Time"] = 0.08}}, ["DummyCFrame"] = CFrame.new(108.90010071, 440.75671387, 25.90664482, 0.16639502, 0, 0.98605913, 0, 1, 0, -0.98605913, 0, 0.16639502), ["Time"] = 0.36291003, ["DummyAnims"] = {}, ["PlayerCFrame"] = CFrame.new(112.92671967, 440.75439453, 23.54211617, -0.54511642, 6e-08, 0.83836037, 3e-08, 1, -5e-08, -0.83836037, -0.0, -0.54511642)}, {["PlayerAnims"] = {{["Id"] = "rbxassetid://14516273501", ["Name"] = "Animation1", ["Time"] = 0.53749979}, {["Id"] = "rbxassetid://10469630950", ["Name"] = "Animation", ["Time"] = 0.085}}, ["DummyCFrame"] = CFrame.new(108.90010071, 440.75671387, 25.90664482, 0.16639502, 0, 0.98605913, 0, 1, 0, -0.98605913, 0, 0.16639502), ["Time"] = 0.3667295, ["DummyAnims"] = {}, ["PlayerCFrame"] = CFrame.new(112.92671967, 440.75439453, 23.54211617, -0.54511642, 6e-08, 0.83836037, 3e-08, 1, -5e-08, -0.83836037, -0.0, -0.54511642)}, {["PlayerAnims"] = {{["Id"] = "rbxassetid://14516273501", ["Name"] = "Animation1", ["Time"] = 0.54166645}, {["Id"] = "rbxassetid://10469630950", ["Name"] = "Animation", ["Time"] = 0.09}}, ["DummyCFrame"] = CFrame.new(108.90010071, 440.75671387, 25.90664291, 0.16639502, 0, 0.98605913, 0, 1, 0, -0.98605913, 0, 0.16639502), ["Time"] = 0.37086034, ["DummyAnims"] = {}, ["PlayerCFrame"] = CFrame.new(112.92671967, 440.75439453, 23.54211617, -0.54511642, 6e-08, 0.83836037, 3e-08, 1, -5e-08, -0.83836037, -0.0, -0.54511642)}, {["PlayerAnims"] = {{["Id"] = "rbxassetid://14516273501", ["Name"] = "Animation1", ["Time"] = 0.54583311}, {["Id"] = "rbxassetid://10469630950", ["Name"] = "Animation", ["Time"] = 0.09500001}}, ["DummyCFrame"] = CFrame.new(108.90010834, 440.75671387, 25.90664673, 0.16639502, 0, 0.98605913, 0, 1, 0, -0.98605913, 0, 0.16639502), ["Time"] = 0.3752594, ["DummyAnims"] = {}, ["PlayerCFrame"] = CFrame.new(112.92671967, 440.75439453, 23.54211617, -0.54511642, 6e-08, 0.83836037, 3e-08, 1, -5e-08, -0.83836037, -0.0, -0.54511642)}, {["PlayerAnims"] = {{["Id"] = "rbxassetid://14516273501", ["Name"] = "Animation1", ["Time"] = 0.54999977}, {["Id"] = "rbxassetid://10469630950", ["Name"] = "Animation", ["Time"] = 0.10000001}}, ["DummyCFrame"] = CFrame.new(108.90010071, 440.75671387, 25.90664673, 0.16639502, 0, 0.98605913, 0, 1, 0, -0.98605913, 0, 0.16639502), ["Time"] = 0.37935376, ["DummyAnims"] = {}, ["PlayerCFrame"] = CFrame.new(112.92671967, 440.75439453, 23.54211617, -0.54511642, 6e-08, 0.83836037, 3e-08, 1, -5e-08, -0.83836037, -0.0, -0.54511642)}, {["PlayerAnims"] = {{["Id"] = "rbxassetid://14516273501", ["Name"] = "Animation1", ["Time"] = 0.54999977}, {["Id"] = "rbxassetid://10469630950", ["Name"] = "Animation", ["Time"] = 0.10000001}}, ["DummyCFrame"] = CFrame.new(108.90010071, 440.75671387, 25.90664673, 0.16639502, 0, 0.98605913, 0, 1, 0, -0.98605913, 0, 0.16639502), ["Time"] = 0.38257885, ["DummyAnims"] = {}, ["PlayerCFrame"] = CFrame.new(112.92671967, 440.75439453, 23.54211617, -0.54511642, 6e-08, 0.83836037, 3e-08, 1, -5e-08, -0.83836037, -0.0, -0.54511642)}, {["PlayerAnims"] = {{["Id"] = "rbxassetid://14516273501", ["Name"] = "Animation1", ["Time"] = 0.55416644}, {["Id"] = "rbxassetid://10469630950", ["Name"] = "Animation", ["Time"] = 0.10500001}}, ["DummyCFrame"] = CFrame.new(108.90010071, 440.75671387, 25.90664482, 0.16639502, 0, 0.98605913, 0, 1, 0, -0.98605913, 0, 0.16639502), ["Time"] = 0.3875649, ["DummyAnims"] = {}, ["PlayerCFrame"] = CFrame.new(112.92671967, 440.75439453, 23.54211617, -0.54511642, 6e-08, 0.83836037, 3e-08, 1, -5e-08, -0.83836037, -0.0, -0.54511642)}, {["PlayerAnims"] = {{["Id"] = "rbxassetid://14516273501", ["Name"] = "Animation1", ["Time"] = 0.5583331}, {["Id"] = "rbxassetid://10469630950", ["Name"] = "Animation", ["Time"] = 0.11000001}}, ["DummyCFrame"] = CFrame.new(108.90010071, 440.75671387, 25.90664673, 0.16639502, 0, 0.98605913, 0, 1, 0, -0.98605913, 0, 0.16639502), ["Time"] = 0.39150643, ["DummyAnims"] = {}, ["PlayerCFrame"] = CFrame.new(112.92671967, 440.75439453, 23.54211617, -0.54511642, 6e-08, 0.83836037, 3e-08, 1, -5e-08, -0.83836037, -0.0, -0.54511642)}, {["PlayerAnims"] = {{["Id"] = "rbxassetid://14516273501", ["Name"] = "Animation1", ["Time"] = 0.56249976}, {["Id"] = "rbxassetid://10469630950", ["Name"] = "Animation", ["Time"] = 0.11500002}}, ["DummyCFrame"] = CFrame.new(108.90010071, 440.75671387, 25.90664482, 0.16639502, 0, 0.98605913, 0, 1, 0, -0.98605913, 0, 0.16639502), ["Time"] = 0.39541054, ["DummyAnims"] = {}, ["PlayerCFrame"] = CFrame.new(112.92671967, 440.75439453, 23.54211617, -0.54511642, 6e-08, 0.83836037, 3e-08, 1, -5e-08, -0.83836037, 0.0, -0.54511642)}, {["PlayerAnims"] = {{["Id"] = "rbxassetid://14516273501", ["Name"] = "Animation1", ["Time"] = 0.56666642}, {["Id"] = "rbxassetid://10469630950", ["Name"] = "Animation", ["Time"] = 0.12000002}}, ["DummyCFrame"] = CFrame.new(108.90010071, 440.75671387, 25.90664673, 0.16639502, 0, 0.98605913, 0, 1, 0, -0.98605913, 0, 0.16639502), ["Time"] = 0.40105677, ["DummyAnims"] = {}, ["PlayerCFrame"] = CFrame.new(112.92671967, 440.75439453, 23.54211617, -0.54511642, 5e-08, 0.83836037, 3e-08, 1, -5e-08, -0.83836037, 0.0, -0.54511642)}, {["PlayerAnims"] = {{["Id"] = "rbxassetid://14516273501", ["Name"] = "Animation1", ["Time"] = 0.57499975}, {["Id"] = "rbxassetid://10469630950", ["Name"] = "Animation", ["Time"] = 0.13000003}}, ["DummyCFrame"] = CFrame.new(108.90010071, 440.75671387, 25.90664482, 0.16639502, 0, 0.98605913, 0, 1, 0, -0.98605913, 0, 0.16639502), ["Time"] = 0.40428996, ["DummyAnims"] = {}, ["PlayerCFrame"] = CFrame.new(112.92671967, 440.75439453, 23.54211617, -0.54511642, 5e-08, 0.83836037, 3e-08, 1, -4e-08, -0.83836037, 0.0, -0.54511642)}, {["PlayerAnims"] = {{["Id"] = "rbxassetid://14516273501", ["Name"] = "Animation1", ["Time"] = 0.57916641}, {["Id"] = "rbxassetid://10469630950", ["Name"] = "Animation", ["Time"] = 0.13500002}}, ["DummyCFrame"] = CFrame.new(108.90010071, 440.75671387, 25.90664482, 0.16639502, 0, 0.98605913, 0, 1, 0, -0.98605913, 0, 0.16639502), ["Time"] = 0.4084878, ["DummyAnims"] = {}, ["PlayerCFrame"] = CFrame.new(112.92671967, 440.75439453, 23.54211617, -0.54511642, 5e-08, 0.83836037, 3e-08, 1, -4e-08, -0.83836037, 0.0, -0.54511642)}, {["PlayerAnims"] = {{["Id"] = "rbxassetid://14516273501", ["Name"] = "Animation1", ["Time"] = 0.58333308}, {["Id"] = "rbxassetid://10469630950", ["Name"] = "Animation", ["Time"] = 0.14000002}}, ["DummyCFrame"] = CFrame.new(108.90010071, 440.7567